3.23944e+06
3.19255e+06
3.19123e+06
3.1912e+06
3.19578e+06
3.19579e+06
3.19579e+06
3.20131e+06
3.20119e+06
3.18918e+06
3.19695e+06
3.16439e+06
3.16747e+06
3.14769e+06
2.99099e+06
2.96693e+06
2.95322e+06
3.03683e+06
3.03841e+06
3.03773e+06
3.04404e+06
3.03689e+06
3.07564e+06
3.07621e+06
3.07621e+06
3.07621e+06
3.03635e+06
3.03716e+06
3.03699e+06
3.06168e+06
3.01631e+06
3.01429e+06
2.98976e+06
2.9843e+06
2.98439e+06
2.98435e+06
2.98567e+06
2.96667e+06
2.96674e+06
2.90672e+06
2.90567e+06
2.82882e+06
2.90041e+06
2.89701e+06
2.89726e+06
2.9187e+06
2.9187e+06
2.90411e+06
2.82887e+06
2.79281e+06
2.78746e+06
2.78829e+06
2.74979e+06
2.76724e+06
2.78615e+06
2.78615e+06
2.78611e+06
2.7568e+06
2.79288e+06
2.79293e+06
2.79305e+06
2.81706e+06
2.83076e+06
2.83076e+06
2.80649e+06
2.82702e+06
2.84055e+06
2.84054e+06
2.82615e+06
2.82803e+06
2.79441e+06
2.81054e+06
2.77918e+06
2.77519e+06
2.77511e+06
2.78966e+06
2.79164e+06
2.7917e+06
2.79156e+06
2.79148e+06
2.79165e+06
2.81263e+06
2.81263e+06
2.78317e+06
2.78317e+06
2.7832e+06
2.7832e+06
2.74557e+06
2.74557e+06
2.74561e+06
2.73606e+06
2.73611e+06
2.70274e+06
2.70264e+06
2.70248e+06
2.72088e+06
2.72085e+06
2.72902e+06
2.72902e+06
2.73063e+06
2.72556e+06
2.72544e+06
2.7259e+06
2.75353e+06
2.78064e+06
2.78064e+06
2.78055e+06
2.77489e+06
2.73807e+06
2.73815e+06
2.75547e+06
2.75004e+06
2.73264e+06
2.73245e+06
2.73213e+06
2.73212e+06
2.72341e+06
2.72219e+06
2.72208e+06
2.72202e+06
2.71904e+06
2.71911e+06
2.71911e+06
2.68352e+06
2.66116e+06
2.67496e+06
2.66601e+06
2.66602e+06
2.66606e+06
2.66161e+06
2.66161e+06
2.67749e+06
2.63287e+06
2.63221e+06
2.63113e+06
2.63466e+06
2.63466e+06
2.65435e+06
2.61549e+06
2.61546e+06
2.61382e+06
2.61382e+06
2.59545e+06
2.63765e+06
2.66595e+06
2.66602e+06
2.66602e+06
2.63941e+06
2.62944e+06
2.62964e+06
2.62962e+06
2.58e+06
2.58109e+06
2.58115e+06
2.59641e+06
2.58547e+06
2.59502e+06
2.59495e+06
2.54603e+06
2.54745e+06
2.53557e+06
2.54098e+06
2.54084e+06
2.56116e+06
2.56587e+06
2.56538e+06
2.5878e+06
2.58774e+06
2.58774e+06
2.58685e+06
2.59142e+06
2.58362e+06
2.58394e+06
2.58396e+06
2.6017e+06
2.64865e+06
2.64778e+06
2.65167e+06
2.65324e+06
2.65471e+06
2.65491e+06
2.65128e+06
2.65134e+06
2.65134e+06
2.65088e+06
2.65088e+06
2.65088e+06
2.65076e+06
2.65498e+06
2.68527e+06
2.68527e+06
2.68527e+06
2.66492e+06
2.63535e+06
2.60121e+06
2.6012e+06
2.57708e+06
2.57708e+06
2.56354e+06
2.56375e+06
2.56322e+06
2.56322e+06
2.56322e+06
2.56322e+06
2.53188e+06
2.55578e+06
2.53986e+06
2.53967e+06
2.53972e+06
2.53911e+06
2.55477e+06
2.55483e+06
2.55483e+06
2.55329e+06
2.61759e+06
2.61508e+06
2.61582e+06
2.61582e+06
2.61568e+06
2.56256e+06
2.56832e+06
2.56832e+06
2.58065e+06
2.58173e+06
2.58165e+06
2.58178e+06
2.56056e+06
2.56056e+06
2.5778e+06
2.57822e+06
2.57822e+06
2.59141e+06
2.60996e+06
2.60994e+06
2.6105e+06
2.61044e+06
2.58695e+06
2.57823e+06
2.58014e+06
2.58014e+06
2.58008e+06
2.58009e+06
2.53742e+06
2.53742e+06
2.53746e+06
2.53739e+06
2.53922e+06
2.5369e+06
2.49635e+06
2.52137e+06
2.52137e+06
2.51971e+06
2.52457e+06
2.53465e+06
2.53465e+06
2.53465e+06
2.5347e+06
2.51834e+06
2.50291e+06
2.51265e+06
2.51258e+06
2.51258e+06
2.52376e+06
2.52402e+06
2.52903e+06
2.52902e+06
2.55449e+06
2.48056e+06
2.48056e+06
2.48993e+06
2.48993e+06
2.48993e+06
2.48992e+06
2.48748e+06
2.48748e+06
2.52743e+06
2.52844e+06
2.47676e+06
2.47672e+06
2.47679e+06
2.49424e+06
2.49424e+06
2.49424e+06
2.494e+06
2.54255e+06
2.54253e+06
2.54253e+06
2.54201e+06
2.53862e+06
2.53877e+06
2.53921e+06
2.53921e+06
2.54971e+06
2.54971e+06
2.54991e+06
2.50908e+06
2.4722e+06
2.48366e+06
2.48881e+06
2.48874e+06
2.48874e+06
2.48129e+06
2.48632e+06
2.48632e+06
2.48632e+06
2.48637e+06
2.43999e+06
2.42808e+06
2.46224e+06
2.45755e+06
2.45755e+06
2.46985e+06
2.42724e+06
2.42712e+06
2.42712e+06
2.42729e+06
2.42612e+06
2.43933e+06
2.4393e+06
2.4393e+06
2.43931e+06
2.44675e+06
2.44667e+06
2.44653e+06
2.4397e+06
2.4397e+06
2.46773e+06
2.46773e+06
2.46773e+06
2.46794e+06
2.4497e+06
2.44446e+06
2.44446e+06
2.4445e+06
2.43023e+06
2.44995e+06
2.45381e+06
2.4751e+06
2.4752e+06
2.4752e+06
2.47516e+06
2.47275e+06
2.46683e+06
2.46731e+06
2.4674e+06
2.46737e+06
2.46743e+06
2.47903e+06
2.46326e+06
2.46326e+06
2.46337e+06
2.46337e+06
2.46337e+06
2.46405e+06
2.46852e+06
2.46852e+06
2.46835e+06
2.46835e+06
2.46913e+06
2.46593e+06
2.43402e+06
2.38584e+06
2.38589e+06
2.38403e+06
2.3948e+06
2.3948e+06
2.3948e+06
2.39475e+06
2.39435e+06
2.39574e+06
2.39539e+06
2.39693e+06
2.39693e+06
2.39053e+06
2.39042e+06
2.3766e+06
2.37672e+06
2.43261e+06
2.43261e+06
2.43263e+06
2.43263e+06
2.43234e+06
2.43107e+06
2.43294e+06
2.42363e+06
2.42204e+06
2.42204e+06
2.41357e+06
2.38076e+06
2.38038e+06
2.38045e+06
2.38141e+06
2.36273e+06
2.36266e+06
2.36266e+06
2.36273e+06
2.3631e+06
2.36318e+06
2.37732e+06
2.35773e+06
2.35773e+06
2.42047e+06
2.42047e+06
2.42047e+06
2.42047e+06
2.41902e+06
2.41898e+06
2.39545e+06
2.39545e+06
2.39543e+06
2.38976e+06
2.38953e+06
2.36947e+06
2.36558e+06
2.36572e+06
2.3744e+06
2.34469e+06
2.34469e+06
2.34469e+06
2.34476e+06
2.33952e+06
2.34098e+06
2.34093e+06
2.34084e+06
2.34069e+06
2.34069e+06
2.34069e+06
2.34174e+06
2.34107e+06
2.34108e+06
2.34103e+06
2.34103e+06
2.29436e+06
2.29436e+06
2.29296e+06
2.29296e+06
2.29222e+06
2.29222e+06
2.29222e+06
2.29114e+06
2.29114e+06
2.29114e+06
2.29117e+06
2.29356e+06
2.29501e+06
2.30683e+06
2.30683e+06
2.30692e+06
2.30737e+06
2.30555e+06
2.29897e+06
2.29896e+06
2.29893e+06
2.29867e+06
2.29867e+06
2.2989e+06
2.2989e+06
2.30422e+06
2.29805e+06
2.29801e+06
2.29801e+06
2.28521e+06
2.27767e+06
2.27767e+06
2.28762e+06
2.28769e+06
2.28761e+06
2.30733e+06
2.30733e+06
2.30723e+06
2.31799e+06
2.31793e+06
2.31793e+06
2.31099e+06
2.31099e+06
2.31454e+06
2.31454e+06
2.31494e+06
2.31504e+06
2.31504e+06
2.32583e+06
2.33106e+06
2.35568e+06
2.36216e+06
2.36273e+06
2.36273e+06
2.36273e+06
2.36268e+06
2.36454e+06
2.36299e+06
2.36301e+06
2.36304e+06
2.36266e+06
2.37059e+06
2.37059e+06
2.37059e+06
2.37052e+06
2.37052e+06
2.37051e+06
2.37038e+06
2.37038e+06
2.36677e+06
2.363e+06
2.39201e+06
2.37637e+06
2.37164e+06
2.37183e+06
2.37186e+06
2.37193e+06
2.33806e+06
2.30514e+06
2.30475e+06
2.30475e+06
2.36915e+06
2.32771e+06
2.32765e+06
2.32765e+06
2.3314e+06
2.33155e+06
2.33347e+06
2.28819e+06
2.28831e+06
2.28325e+06
2.28224e+06
2.27562e+06
2.27566e+06
2.27567e+06
2.27567e+06
2.27567e+06
2.27569e+06
2.27569e+06
2.2757e+06
2.29235e+06
2.29413e+06
2.32192e+06
2.38832e+06
2.38832e+06
2.38828e+06
2.38864e+06
2.38866e+06
2.38866e+06
2.3866e+06
2.31158e+06
2.31158e+06
2.31232e+06
2.28238e+06
2.28232e+06
2.28455e+06
2.28478e+06
2.28152e+06
2.31118e+06
2.31075e+06
2.31067e+06
2.31067e+06
2.31066e+06
2.31066e+06
2.32134e+06
2.32134e+06
2.32054e+06
2.32054e+06
2.31995e+06
2.31998e+06
2.31996e+06
2.33215e+06
2.34672e+06
2.34674e+06
2.30935e+06
2.30946e+06
2.27368e+06
2.27705e+06
2.27705e+06
2.2769e+06
2.22331e+06
2.22633e+06
2.22585e+06
2.22589e+06
2.22589e+06
2.22589e+06
2.22591e+06
2.22576e+06
2.22652e+06
2.22652e+06
2.22447e+06
2.25002e+06
2.25009e+06
2.22108e+06
2.22108e+06
2.22097e+06
2.23692e+06
2.25506e+06
2.25505e+06
2.25481e+06
2.25481e+06
2.25479e+06
2.21766e+06
2.21823e+06
2.21989e+06
2.21872e+06
2.21872e+06
2.21847e+06
2.21844e+06
2.21543e+06
2.21536e+06
2.21536e+06
2.21534e+06
2.21707e+06
2.21815e+06
2.17578e+06
2.17574e+06
2.17567e+06
2.22693e+06
2.26378e+06
2.2647e+06
2.26491e+06
2.26901e+06
2.2664e+06
2.26757e+06
2.26757e+06
2.26346e+06
2.22267e+06
2.2226e+06
2.22224e+06
2.2223e+06
2.22239e+06
2.22276e+06
2.22276e+06
2.22239e+06
2.225e+06
2.24083e+06
2.24079e+06
2.24079e+06
2.22593e+06
2.22593e+06
2.24214e+06
2.2418e+06
2.2418e+06
2.24035e+06
2.24107e+06
2.24108e+06
2.24108e+06
2.27422e+06
2.27428e+06
2.28934e+06
2.28934e+06
2.28926e+06
2.28853e+06
2.28827e+06
2.34746e+06
2.34738e+06
2.34738e+06
2.34882e+06
2.34869e+06
2.31825e+06
2.31825e+06
2.31802e+06
2.31812e+06
2.31835e+06
2.30878e+06
2.30876e+06
2.30938e+06
2.30014e+06
2.32098e+06
2.32578e+06
2.32578e+06
2.32561e+06
2.30287e+06
2.2852e+06
2.30287e+06
2.30283e+06
2.30283e+06
2.30285e+06
2.30299e+06
2.30299e+06
2.30276e+06
2.30435e+06
2.28303e+06
2.28303e+06
2.28303e+06
2.28303e+06
2.27818e+06
2.27836e+06
2.27835e+06
2.27835e+06
2.27835e+06
2.27411e+06
2.27412e+06
2.27413e+06
2.2848e+06
2.2848e+06
2.28481e+06
2.28774e+06
2.28777e+06
2.28778e+06
2.29565e+06
2.29565e+06
2.30343e+06
2.3047e+06
2.2823e+06
2.2823e+06
2.27842e+06
2.27962e+06
2.27284e+06
2.2603e+06
2.26058e+06
2.26058e+06
2.2603e+06
2.26028e+06
2.26028e+06
2.25997e+06
2.26185e+06
2.29155e+06
2.29062e+06
2.29061e+06
2.28025e+06
2.2808e+06
2.30186e+06
2.3018e+06
2.3018e+06
2.30192e+06
2.30191e+06
2.30132e+06
2.27356e+06
2.27542e+06
2.27542e+06
2.26182e+06
2.26189e+06
2.26182e+06
2.25606e+06
2.25602e+06
2.25602e+06
2.28328e+06
2.28328e+06
2.28306e+06
2.29054e+06
2.27214e+06
2.27214e+06
2.27214e+06
2.27214e+06
2.27216e+06
2.27161e+06
2.26734e+06
2.26734e+06
2.26084e+06
2.26015e+06
2.26018e+06
2.25912e+06
2.25956e+06
2.25913e+06
2.25913e+06
2.25913e+06
2.25924e+06
2.25924e+06
2.25913e+06
2.26911e+06
2.26896e+06
2.26892e+06
2.31333e+06
2.28191e+06
2.28184e+06
2.24507e+06
2.24523e+06
2.24523e+06
2.24533e+06
2.24111e+06
2.24126e+06
2.24126e+06
2.24125e+06
2.24124e+06
2.24382e+06
2.24382e+06
2.24376e+06
2.24378e+06
2.23197e+06
2.22462e+06
2.22462e+06
2.22462e+06
2.22474e+06
2.22476e+06
2.22224e+06
2.24827e+06
2.24827e+06
2.24827e+06
2.24827e+06
2.24827e+06
2.24823e+06
2.24823e+06
2.24381e+06
2.16525e+06
2.16525e+06
2.16525e+06
2.1645e+06
2.1624e+06
2.14402e+06
2.12482e+06
2.11419e+06
2.15732e+06
2.15431e+06
2.1544e+06
2.15444e+06
2.15444e+06
2.19348e+06
2.17485e+06
2.17747e+06
2.17747e+06
2.16732e+06
2.17135e+06
2.17085e+06
2.17085e+06
2.17085e+06
2.17066e+06
2.18273e+06
2.18269e+06
2.18269e+06
2.19734e+06
2.1789e+06
2.17984e+06
2.17984e+06
2.18759e+06
2.19755e+06
2.19755e+06
2.24707e+06
2.22177e+06
2.22853e+06
2.22853e+06
2.22857e+06
2.22861e+06
2.14593e+06
2.14168e+06
2.17273e+06
2.17297e+06
2.17378e+06
2.16966e+06
2.17132e+06
2.1815e+06
2.18017e+06
2.18017e+06
2.1802e+06
2.18028e+06
2.18051e+06
2.1884e+06
2.18839e+06
2.18844e+06
2.18844e+06
2.19164e+06
2.19164e+06
2.19164e+06
2.19209e+06
2.19202e+06
2.19668e+06
2.19668e+06
2.17794e+06
2.17794e+06
2.17794e+06
2.17794e+06
2.17796e+06
2.18737e+06
2.19408e+06
2.19528e+06
2.19321e+06
2.19307e+06
2.19307e+06
2.19307e+06
2.19308e+06
2.19308e+06
2.18948e+06
2.18929e+06
2.18612e+06
2.19303e+06
2.19303e+06
2.19301e+06
2.19301e+06
2.19304e+06
2.19506e+06
2.19506e+06
2.20164e+06
2.21526e+06
2.21527e+06
2.21525e+06
2.21527e+06
2.20979e+06
2.20977e+06
2.20977e+06
2.20917e+06
2.18823e+06
2.18823e+06
2.18823e+06
2.1882e+06
2.18819e+06
2.18834e+06
2.18797e+06
2.18565e+06
2.18565e+06
2.22394e+06
2.2239e+06
2.2239e+06
2.22389e+06
2.17728e+06
2.17405e+06
2.17414e+06
2.17662e+06
2.16264e+06
2.16264e+06
2.16264e+06
2.147e+06
2.14699e+06
2.14695e+06
2.14779e+06
2.14771e+06
2.14502e+06
2.14948e+06
2.1494e+06
2.14938e+06
2.1459e+06
2.14622e+06
2.14622e+06
2.14622e+06
2.14635e+06
2.14635e+06
2.12799e+06
2.12781e+06
2.12774e+06
2.13301e+06
2.13301e+06
2.1332e+06
2.13327e+06
2.13329e+06
2.13274e+06
2.13299e+06
2.13729e+06
2.13726e+06
2.13836e+06
2.13799e+06
2.12981e+06
2.12981e+06
2.12707e+06
2.12705e+06
2.12688e+06
2.11101e+06
2.09585e+06
2.07815e+06
2.0778e+06
2.10284e+06
2.14977e+06
2.15314e+06
2.15316e+06
2.15314e+06
2.15298e+06
2.15947e+06
2.15951e+06
2.15952e+06
2.18017e+06
2.17952e+06
2.17968e+06
2.17968e+06
2.17968e+06
2.1797e+06
2.17979e+06
2.20352e+06
2.20391e+06
2.20391e+06
2.17661e+06
2.17674e+06
2.17156e+06
2.16088e+06
2.16088e+06
2.16088e+06
2.15652e+06
2.15652e+06
2.15651e+06
2.15651e+06
2.15568e+06
2.1607e+06
2.1607e+06
2.18017e+06
2.1607e+06
2.17228e+06
2.17228e+06
2.14554e+06
2.14408e+06
2.11804e+06
2.13516e+06
2.14494e+06
2.14494e+06
2.1692e+06
2.17429e+06
2.17522e+06
2.17948e+06
2.17945e+06
2.18053e+06
2.17995e+06
2.18044e+06
2.18044e+06
2.18044e+06
2.18177e+06
2.18659e+06
2.18527e+06
2.19163e+06
2.19186e+06
2.19191e+06
2.19188e+06
2.19238e+06
2.19322e+06
2.19316e+06
2.19304e+06
2.19497e+06
2.1849e+06
2.1849e+06
2.1849e+06
2.18544e+06
2.18544e+06
2.18544e+06
2.18546e+06
2.18535e+06
2.17175e+06
2.17184e+06
2.19017e+06
2.18898e+06
2.18898e+06
2.18875e+06
2.12439e+06
2.12439e+06
2.1249e+06
2.14236e+06
2.1425e+06
2.13706e+06
2.13706e+06
2.13781e+06
2.10103e+06
2.10103e+06
2.10103e+06
2.10064e+06
2.10064e+06
2.09871e+06
2.09983e+06
2.13972e+06
2.13998e+06
2.15603e+06
2.15637e+06
2.16877e+06
2.16879e+06
2.17335e+06
2.17341e+06
2.1734e+06
2.1734e+06
2.17254e+06
2.1726e+06
2.1726e+06
2.1726e+06
2.17262e+06
2.17056e+06
2.17183e+06
2.17189e+06
2.17189e+06
2.17189e+06
2.17127e+06
2.1713e+06
2.17131e+06
2.17305e+06
2.17358e+06
2.17358e+06
2.17556e+06
2.17543e+06
2.17427e+06
2.17521e+06
2.16013e+06
2.17152e+06
2.17152e+06
2.12515e+06
2.12573e+06
2.12572e+06
2.12518e+06
2.07646e+06
2.07646e+06
2.09274e+06
2.09248e+06
2.09249e+06
2.09249e+06
2.09258e+06
2.10102e+06
2.10102e+06
2.10108e+06
2.10108e+06
2.16941e+06
2.16941e+06
2.15279e+06
2.15509e+06
2.15037e+06
2.15025e+06
2.1502e+06
2.14994e+06
2.14994e+06
2.14992e+06
2.13842e+06
2.13832e+06
2.13832e+06
2.13832e+06
2.13834e+06
2.13834e+06
2.1386e+06
2.13887e+06
2.12444e+06
2.12446e+06
2.12038e+06
2.12038e+06
2.05263e+06
2.05138e+06
2.05138e+06
2.05138e+06
2.0505e+06
2.0505e+06
2.0505e+06
2.0505e+06
2.05052e+06
2.0497e+06
2.04968e+06
2.04967e+06
2.04968e+06
2.04952e+06
2.04957e+06
2.05451e+06
2.05504e+06
2.03637e+06
2.03637e+06
1.99985e+06
1.97016e+06
1.97036e+06
1.96984e+06
1.96654e+06
1.9664e+06
1.9644e+06
1.94874e+06
1.97622e+06
1.97748e+06
1.96334e+06
1.96334e+06
1.96359e+06
1.96359e+06
1.96365e+06
1.96365e+06
1.99588e+06
1.99649e+06
1.99649e+06
2.00274e+06
1.99764e+06
1.99502e+06
1.99521e+06
1.99498e+06
1.99492e+06
1.99749e+06
1.99749e+06
1.99747e+06
1.99864e+06
1.99795e+06
2.00175e+06
2.00175e+06
2.03666e+06
2.03666e+06
2.05296e+06
2.05286e+06
2.05421e+06
2.09671e+06
2.10018e+06
2.10002e+06
2.10117e+06
2.08105e+06
2.07934e+06
2.09458e+06
2.09458e+06
2.09458e+06
2.12579e+06
2.12565e+06
2.12573e+06
2.12642e+06
2.10813e+06
2.09694e+06
2.10077e+06
2.10077e+06
2.03194e+06
2.03912e+06
2.02074e+06
2.0349e+06
2.03514e+06
2.03514e+06
2.03514e+06
2.03528e+06
2.0352e+06
2.07007e+06
2.09206e+06
2.08311e+06
2.08313e+06
2.0814e+06
2.0811e+06
2.08446e+06
2.0778e+06
2.05139e+06
2.05139e+06
2.05193e+06
2.05206e+06
2.03969e+06
2.03969e+06
2.03943e+06
2.03943e+06
2.03656e+06
2.02417e+06
2.01876e+06
2.01876e+06
2.01439e+06
2.01476e+06
2.01486e+06
2.01584e+06
2.02628e+06
1.99204e+06
1.99204e+06
1.98664e+06
1.9867e+06
1.9867e+06
1.98674e+06
1.97188e+06
1.97188e+06
1.972e+06
1.97588e+06
1.97588e+06
2.05896e+06
2.05668e+06
2.05682e+06
2.05669e+06
2.05667e+06
2.05669e+06
2.05669e+06
2.08338e+06
2.05889e+06
2.05889e+06
2.05683e+06
2.05699e+06
2.05699e+06
2.05691e+06
2.06143e+06
2.05979e+06
2.06227e+06
2.07238e+06
2.07918e+06
2.07918e+06
2.07917e+06
2.07922e+06
2.07859e+06
2.07859e+06
2.07859e+06
2.07866e+06
2.07645e+06
2.07648e+06
2.07663e+06
2.07663e+06
2.04666e+06
2.04746e+06
2.04746e+06
2.04733e+06
2.04733e+06
2.04703e+06
2.03321e+06
2.03321e+06
2.03485e+06
2.03241e+06
2.0225e+06
2.0225e+06
2.0225e+06
2.02245e+06
2.02245e+06
2.02245e+06
2.02244e+06
2.02244e+06
2.0224e+06
2.0113e+06
2.01129e+06
2.01114e+06
2.02509e+06
2.02508e+06
2.02508e+06
2.02508e+06
2.02508e+06
2.02508e+06
2.02495e+06
1.98119e+06
1.97219e+06
1.97192e+06
1.97533e+06
1.94478e+06
1.94572e+06
1.94572e+06
1.94572e+06
1.94557e+06
1.94481e+06
1.94491e+06
1.9449e+06
1.94301e+06
1.94432e+06
1.94422e+06
1.942e+06
1.94215e+06
1.94064e+06
1.94058e+06
1.94058e+06
1.99425e+06
1.99829e+06
1.99673e+06
1.99673e+06
1.9967e+06
2.0162e+06
2.02093e+06
2.0209e+06
2.02326e+06
2.02185e+06
2.02115e+06
2.02115e+06
2.02085e+06
2.02085e+06
2.02076e+06
2.02069e+06
2.02069e+06
2.01787e+06
2.01787e+06
2.039e+06
2.03816e+06
2.03816e+06
2.00889e+06
2.00889e+06
2.00889e+06
2.00889e+06
2.00919e+06
2.00923e+06
2.07124e+06
2.06689e+06
2.06483e+06
2.08007e+06
2.08188e+06
2.08188e+06
2.0803e+06
2.0803e+06
2.08017e+06
2.08023e+06
2.08025e+06
2.07246e+06
2.07246e+06
2.07246e+06
2.01588e+06
2.01589e+06
2.01526e+06
2.0157e+06
2.0157e+06
2.01266e+06
1.99689e+06
1.99698e+06
1.99687e+06
1.99966e+06
1.9996e+06
1.9996e+06
1.9996e+06
1.9996e+06
1.9996e+06
1.9996e+06
1.97874e+06
1.97874e+06
1.97874e+06
1.96785e+06
1.96728e+06
1.96724e+06
1.96763e+06
1.96368e+06
1.96372e+06
1.95948e+06
1.9607e+06
1.96058e+06
1.96058e+06
1.96047e+06
1.95301e+06
1.92233e+06
1.92351e+06
1.92307e+06
1.9231e+06
1.9231e+06
1.9231e+06
1.92235e+06
1.92235e+06
1.92235e+06
1.91936e+06
1.91768e+06
1.91768e+06
1.91768e+06
1.91475e+06
1.93285e+06
1.93285e+06
1.93285e+06
1.9332e+06
1.9332e+06
1.93319e+06
1.93462e+06
1.93357e+06
1.93354e+06
1.91394e+06
1.90399e+06
1.90331e+06
1.90331e+06
1.90331e+06
1.90331e+06
1.90842e+06
1.90839e+06
1.90839e+06
1.90546e+06
1.91914e+06
1.91909e+06
1.91916e+06
1.91918e+06
1.92889e+06
1.95295e+06
1.95295e+06
1.95301e+06
1.95301e+06
1.93031e+06
1.93031e+06
1.93048e+06
1.94454e+06
1.94454e+06
1.94454e+06
1.92691e+06
1.93017e+06
1.93218e+06
1.932e+06
1.932e+06
1.92153e+06
1.89854e+06
1.89589e+06
1.89589e+06
1.9068e+06
1.90644e+06
1.90641e+06
1.90607e+06
1.90615e+06
1.90615e+06
1.88264e+06
1.88236e+06
1.88236e+06
1.88232e+06
1.88509e+06
1.88509e+06
1.88513e+06
1.9173e+06
1.93549e+06
1.94785e+06
1.95796e+06
1.95762e+06
1.95709e+06
1.95692e+06
1.95708e+06
1.92417e+06
1.91346e+06
1.91336e+06
1.93195e+06
1.92822e+06
1.92822e+06
1.92822e+06
1.92738e+06
1.92744e+06
1.92713e+06
1.91429e+06
1.91436e+06
1.92508e+06
1.92511e+06
1.93023e+06
1.93023e+06
1.93023e+06
1.92356e+06
1.92793e+06
1.92873e+06
1.92873e+06
1.92873e+06
1.92873e+06
1.92873e+06
1.92876e+06
1.92876e+06
1.9311e+06
1.93371e+06
1.93502e+06
1.93502e+06
1.93502e+06
1.93501e+06
1.91691e+06
1.91708e+06
1.9165e+06
1.95259e+06
1.95255e+06
1.95276e+06
1.95276e+06
1.95546e+06
1.95231e+06
1.95231e+06
1.98829e+06
1.98898e+06
1.98898e+06
2.0288e+06
2.02873e+06
2.02873e+06
2.04477e+06
2.0329e+06
2.0329e+06
2.0329e+06
2.01073e+06
2.01331e+06
2.01162e+06
2.01162e+06
2.01162e+06
1.99704e+06
1.99704e+06
1.9979e+06
1.99823e+06
1.99818e+06
1.99801e+06
1.99726e+06
1.99726e+06
1.99724e+06
1.99747e+06
1.99747e+06
1.99747e+06
1.99801e+06
2.00075e+06
2.00069e+06
1.97625e+06
1.97622e+06
1.98116e+06
1.98084e+06
1.97532e+06
1.97451e+06
1.97428e+06
1.98662e+06
1.98633e+06
1.98633e+06
1.98633e+06
1.98687e+06
1.98648e+06
1.98648e+06
1.98687e+06
1.98687e+06
1.98709e+06
1.98637e+06
1.98721e+06
1.98713e+06
1.99033e+06
1.94969e+06
1.94944e+06
1.94946e+06
1.96548e+06
1.9655e+06
1.96548e+06
1.96548e+06
1.96166e+06
1.96166e+06
1.96166e+06
1.96254e+06
1.96254e+06
1.94974e+06
1.94974e+06
1.92846e+06
1.9079e+06
1.9079e+06
1.86441e+06
1.86297e+06
1.85818e+06
1.85499e+06
1.85499e+06
1.85487e+06
1.88113e+06
1.8811e+06
1.88681e+06
1.88698e+06
1.88775e+06
1.879e+06
1.94248e+06
1.94244e+06
1.96815e+06
1.968e+06
1.968e+06
1.97412e+06
1.98406e+06
1.95202e+06
1.95177e+06
1.95117e+06
1.95659e+06
1.95659e+06
1.95681e+06
1.95766e+06
1.9577e+06
1.95694e+06
1.95694e+06
1.95694e+06
1.95696e+06
1.95731e+06
1.95735e+06
1.95752e+06
1.9581e+06
1.95721e+06
1.95187e+06
1.95085e+06
1.95487e+06
1.95822e+06
1.95839e+06
1.95839e+06
1.95837e+06
1.95822e+06
1.958e+06
1.95798e+06
1.95798e+06
1.9579e+06
1.95786e+06
1.95786e+06
1.96827e+06
1.96828e+06
1.96457e+06
1.96457e+06
1.96456e+06
1.94205e+06
1.94208e+06
1.94185e+06
1.93886e+06
1.93909e+06
1.93882e+06
1.93882e+06
1.93868e+06
1.9389e+06
1.939e+06
1.93899e+06
1.93806e+06
1.88852e+06
1.90093e+06
1.89942e+06
1.90002e+06
1.89825e+06
1.89592e+06
1.89626e+06
1.8923e+06
1.8923e+06
1.85804e+06
1.85799e+06
1.86506e+06
1.86627e+06
1.85054e+06
1.82011e+06
1.8201e+06
1.82006e+06
1.82004e+06
1.81192e+06
1.81211e+06
1.81218e+06
1.81218e+06
1.8293e+06
1.82961e+06
1.82952e+06
1.82952e+06
1.83357e+06
1.8402e+06
1.8402e+06
1.84174e+06
1.84185e+06
1.83434e+06
1.83427e+06
1.83479e+06
1.83466e+06
1.83466e+06
1.83481e+06
1.8388e+06
1.84159e+06
1.8392e+06
1.83888e+06
1.8388e+06
1.83895e+06
1.8435e+06
1.83646e+06
1.83633e+06
1.83633e+06
1.83633e+06
1.83619e+06
1.82487e+06
1.82487e+06
1.82501e+06
1.82374e+06
1.82322e+06
1.82318e+06
1.82307e+06
1.82307e+06
1.82232e+06
1.80607e+06
1.80607e+06
1.8062e+06
1.80622e+06
1.80622e+06
1.80175e+06
1.80182e+06
1.80187e+06
1.80232e+06
1.79943e+06
1.79943e+06
1.79936e+06
1.7986e+06
1.80019e+06
1.81141e+06
1.81144e+06
1.81143e+06
1.81143e+06
1.81136e+06
1.79838e+06
1.79838e+06
1.79838e+06
1.79838e+06
1.79838e+06
1.79895e+06
1.79941e+06
1.79941e+06
1.79948e+06
1.80416e+06
1.80361e+06
1.80382e+06
1.80382e+06
1.80233e+06
1.80233e+06
1.80209e+06
1.81551e+06
1.81547e+06
1.80205e+06
1.80155e+06
1.80153e+06
1.76049e+06
1.76159e+06
1.76159e+06
1.76159e+06
1.74368e+06
1.7434e+06
1.7434e+06
1.7434e+06
1.74338e+06
1.74338e+06
1.74326e+06
1.74318e+06
1.74326e+06
1.74326e+06
1.74361e+06
1.74355e+06
1.74517e+06
1.74524e+06
1.74524e+06
1.72821e+06
1.71328e+06
1.7132e+06
1.71387e+06
1.71387e+06
1.71128e+06
1.71121e+06
1.71121e+06
1.71121e+06
1.71121e+06
1.71113e+06
1.71113e+06
1.72577e+06
1.72577e+06
1.72578e+06
1.72587e+06
1.72589e+06
1.72574e+06
1.7256e+06
1.72558e+06
1.72558e+06
1.72642e+06
1.72628e+06
1.723e+06
1.74015e+06
1.74212e+06
1.73522e+06
1.73769e+06
1.73766e+06
1.73766e+06
1.73768e+06
1.73768e+06
1.73743e+06
1.73743e+06
1.73743e+06
1.73743e+06
1.7375e+06
1.73794e+06
1.73727e+06
1.73888e+06
1.73888e+06
1.74672e+06
1.74892e+06
1.74892e+06
1.74892e+06
1.7488e+06
1.74877e+06
1.74824e+06
1.7472e+06
1.74737e+06
1.74737e+06
1.74739e+06
1.74739e+06
1.74757e+06
1.74538e+06
1.74535e+06
1.74535e+06
1.74558e+06
1.7456e+06
1.7456e+06
1.74484e+06
1.72661e+06
1.72709e+06
1.72798e+06
1.72788e+06
1.72788e+06
1.72788e+06
1.72768e+06
1.7287e+06
1.71778e+06
1.71461e+06
1.71945e+06
1.71965e+06
1.71942e+06
1.71942e+06
1.71805e+06
1.75478e+06
1.76158e+06
1.76158e+06
1.74257e+06
1.75081e+06
1.74668e+06
1.74668e+06
1.74668e+06
1.74662e+06
1.74664e+06
1.74664e+06
1.7695e+06
1.75975e+06
1.75966e+06
1.76067e+06
1.76832e+06
1.76587e+06
1.76612e+06
1.76609e+06
1.76617e+06
1.76617e+06
1.76626e+06
1.76783e+06
1.76783e+06
1.76148e+06
1.76152e+06
1.82297e+06
1.79468e+06
1.79558e+06
1.79558e+06
1.79555e+06
1.79555e+06
1.7956e+06
1.79564e+06
1.79578e+06
1.79282e+06
1.79282e+06
1.79284e+06
1.79256e+06
1.7927e+06
1.79131e+06
1.79134e+06
1.79134e+06
1.78943e+06
1.78943e+06
1.78957e+06
1.80243e+06
1.77858e+06
1.78114e+06
1.78114e+06
1.77966e+06
1.77569e+06
1.77565e+06
1.7854e+06
1.7854e+06
1.7837e+06
1.7837e+06
1.77729e+06
1.77725e+06
1.77717e+06
1.77334e+06
1.77343e+06
1.77343e+06
1.77028e+06
1.77028e+06
1.77028e+06
1.77361e+06
1.77361e+06
1.77361e+06
1.77343e+06
1.77343e+06
1.77343e+06
1.77343e+06
1.77353e+06
1.77376e+06
1.77548e+06
1.77548e+06
1.77376e+06
1.77376e+06
1.77373e+06
1.77373e+06
1.77353e+06
1.77788e+06
1.77788e+06
1.77788e+06
1.77788e+06
1.77791e+06
1.77792e+06
1.77792e+06
1.77792e+06
1.77944e+06
1.77939e+06
1.77939e+06
1.77944e+06
1.77941e+06
1.78756e+06
1.7877e+06
1.78644e+06
1.78278e+06
1.78273e+06
1.78273e+06
1.78265e+06
1.78209e+06
1.78076e+06
1.80412e+06
1.80412e+06
1.80412e+06
1.80396e+06
1.80391e+06
1.8045e+06
1.78528e+06
1.78527e+06
1.76061e+06
1.76059e+06
1.75667e+06
1.75667e+06
1.73997e+06
1.73997e+06
1.73997e+06
1.7389e+06
1.7389e+06
1.73897e+06
1.73897e+06
1.73894e+06
1.73894e+06
1.73764e+06
1.74203e+06
1.74203e+06
1.74344e+06
1.74346e+06
1.75174e+06
1.74618e+06
1.75957e+06
1.71002e+06
1.7099e+06
1.70987e+06
1.70987e+06
1.71353e+06
1.7136e+06
1.7136e+06
1.71369e+06
1.68902e+06
1.71136e+06
1.71135e+06
1.71135e+06
1.71135e+06
1.71135e+06
1.75185e+06
1.752e+06
1.75149e+06
1.75138e+06
1.74882e+06
1.74882e+06
1.75038e+06
1.74945e+06
1.74945e+06
1.74962e+06
1.74955e+06
1.74955e+06
1.74746e+06
1.75473e+06
1.75471e+06
1.75411e+06
1.74272e+06
1.74272e+06
1.74257e+06
1.74257e+06
1.7503e+06
1.7503e+06
1.7503e+06
1.7503e+06
1.7503e+06
1.75028e+06
1.75028e+06
1.75028e+06
1.74897e+06
1.74835e+06
1.74835e+06
1.73448e+06
1.7346e+06
1.7346e+06
1.73677e+06
1.73683e+06
1.73683e+06
1.73506e+06
1.73506e+06
1.73506e+06
1.73517e+06
1.72768e+06
1.72768e+06
1.72764e+06
1.72764e+06
1.72764e+06
1.74889e+06
1.74879e+06
1.76644e+06
1.76674e+06
1.76613e+06
1.76607e+06
1.76607e+06
1.76607e+06
1.76432e+06
1.76431e+06
1.76431e+06
1.7643e+06
1.72809e+06
1.72246e+06
1.72142e+06
1.72331e+06
1.72343e+06
1.72343e+06
1.72343e+06
1.72276e+06
1.72275e+06
1.72225e+06
1.72225e+06
1.72225e+06
1.73479e+06
1.73478e+06
1.73478e+06
1.71748e+06
1.71754e+06
1.71756e+06
1.71756e+06
1.71437e+06
1.71652e+06
1.71652e+06
1.71702e+06
1.717e+06
1.71511e+06
1.71511e+06
1.70472e+06
1.70472e+06
1.70424e+06
1.7043e+06
1.70429e+06
1.70411e+06
1.70411e+06
1.70415e+06
1.70418e+06
1.70418e+06
1.72306e+06
1.72306e+06
1.72117e+06
1.72486e+06
1.72486e+06
1.72486e+06
1.72486e+06
1.72464e+06
1.72464e+06
1.72462e+06
1.72479e+06
1.72477e+06
1.72477e+06
1.72863e+06
1.73696e+06
1.73696e+06
1.73172e+06
1.73172e+06
1.73342e+06
1.733e+06
1.74352e+06
1.74352e+06
1.74572e+06
1.74123e+06
1.74071e+06
1.7481e+06
1.75121e+06
1.75121e+06
1.75123e+06
1.75339e+06
1.75373e+06
1.75375e+06
1.7543e+06
1.75428e+06
1.75421e+06
1.75421e+06
1.7567e+06
1.7567e+06
1.75747e+06
1.76064e+06
1.75961e+06
1.74452e+06
1.74391e+06
1.74402e+06
1.74245e+06
1.74252e+06
1.74253e+06
1.74256e+06
1.74256e+06
1.74258e+06
1.74258e+06
1.7395e+06
1.73842e+06
1.74037e+06
1.74042e+06
1.74042e+06
1.73341e+06
1.78974e+06
1.78964e+06
1.78972e+06
1.79104e+06
1.78998e+06
1.78987e+06
1.79292e+06
1.69734e+06
1.69734e+06
1.69697e+06
1.69697e+06
1.69683e+06
1.69713e+06
1.69713e+06
1.69813e+06
1.69813e+06
1.6979e+06
1.698e+06
1.69713e+06
1.69307e+06
1.693e+06
1.69785e+06
1.6978e+06
1.69704e+06
1.69711e+06
1.69711e+06
1.71021e+06
1.69673e+06
1.71269e+06
1.71276e+06
1.71274e+06
1.71289e+06
1.71286e+06
1.72516e+06
1.72774e+06
1.72774e+06
1.72988e+06
1.72987e+06
1.72987e+06
1.73095e+06
1.7207e+06
1.7207e+06
1.72014e+06
1.72014e+06
1.72072e+06
1.72177e+06
1.72331e+06
1.72331e+06
1.71746e+06
1.71421e+06
1.71395e+06
1.71433e+06
1.71433e+06
1.70869e+06
1.70848e+06
1.70487e+06
1.70487e+06
1.70487e+06
1.70488e+06
1.70488e+06
1.70488e+06
1.70491e+06
1.70491e+06
1.70463e+06
1.70463e+06
1.70463e+06
1.72371e+06
1.72568e+06
1.72299e+06
1.72314e+06
1.72072e+06
1.71222e+06
1.71222e+06
1.70659e+06
1.70659e+06
1.70639e+06
1.70652e+06
1.72772e+06
1.72717e+06
1.72717e+06
1.7348e+06
1.73483e+06
1.73483e+06
1.73452e+06
1.74279e+06
1.74715e+06
1.74611e+06
1.7475e+06
1.74838e+06
1.74838e+06
1.74841e+06
1.74845e+06
1.74661e+06
1.74699e+06
1.74699e+06
1.74699e+06
1.74692e+06
1.74673e+06
1.74676e+06
1.74678e+06
1.74673e+06
1.74673e+06
1.72738e+06
1.72788e+06
1.72788e+06
1.7275e+06
1.7199e+06
1.71983e+06
1.71983e+06
1.71896e+06
1.71803e+06
1.71805e+06
1.71543e+06
1.71543e+06
1.71543e+06
1.71543e+06
1.71543e+06
1.71591e+06
1.71591e+06
1.71591e+06
1.72411e+06
1.72405e+06
1.72515e+06
1.72515e+06
1.72515e+06
1.72515e+06
1.73526e+06
1.73526e+06
1.73526e+06
1.73528e+06
1.73528e+06
1.72705e+06
1.72705e+06
1.72705e+06
1.72705e+06
1.72829e+06
1.72861e+06
1.73115e+06
1.73115e+06
1.7312e+06
1.73115e+06
1.73115e+06
1.73115e+06
1.73176e+06
1.74242e+06
1.74257e+06
1.7435e+06
1.74346e+06
1.74357e+06
1.74531e+06
1.7486e+06
1.7545e+06
1.75161e+06
1.7526e+06
1.7526e+06
1.75267e+06
1.75267e+06
1.75354e+06
1.74793e+06
1.74919e+06
1.74623e+06
1.74464e+06
1.73286e+06
1.74637e+06
1.74588e+06
1.74588e+06
1.75778e+06
1.75794e+06
1.73674e+06
1.73663e+06
1.72594e+06
1.72594e+06
1.73143e+06
1.73143e+06
1.73143e+06
1.74119e+06
1.74166e+06
1.73985e+06
1.7418e+06
1.7418e+06
1.74109e+06
1.74106e+06
1.74106e+06
1.71645e+06
1.71546e+06
1.71546e+06
1.71541e+06
1.71541e+06
1.72538e+06
1.72536e+06
1.72536e+06
1.72541e+06
1.72541e+06
1.72909e+06
1.73418e+06
1.73418e+06
1.73416e+06
1.73416e+06
1.73418e+06
1.7316e+06
1.73168e+06
1.73181e+06
1.71511e+06
1.71479e+06
1.71477e+06
1.71446e+06
1.71256e+06
1.71256e+06
1.70848e+06
1.70847e+06
1.70855e+06
1.70851e+06
1.7136e+06
1.71507e+06
1.71419e+06
1.71358e+06
1.71354e+06
1.71228e+06
1.71228e+06
1.71228e+06
1.71398e+06
1.71398e+06
1.71409e+06
1.71364e+06
1.71364e+06
1.7137e+06
1.74139e+06
1.74139e+06
1.74139e+06
1.74139e+06
1.74139e+06
1.74139e+06
1.74386e+06
1.74415e+06
1.74012e+06
1.74253e+06
1.74253e+06
1.74253e+06
1.74242e+06
1.74244e+06
1.74254e+06
1.73995e+06
1.73995e+06
1.74005e+06
1.74101e+06
1.74088e+06
1.74259e+06
1.74259e+06
1.7288e+06
1.72866e+06
1.72866e+06
1.7205e+06
1.7241e+06
1.72387e+06
1.72387e+06
1.72505e+06
1.72505e+06
1.72505e+06
1.70184e+06
1.70184e+06
1.70188e+06
1.7037e+06
1.70289e+06
1.70095e+06
1.70095e+06
1.69941e+06
1.69941e+06
1.69798e+06
1.69798e+06
1.69798e+06
1.69798e+06
1.69798e+06
1.69798e+06
1.69798e+06
1.66344e+06
1.66344e+06
1.66361e+06
1.66031e+06
1.65676e+06
1.6473e+06
1.64593e+06
1.64585e+06
1.65007e+06
1.65362e+06
1.65636e+06
1.65636e+06
1.65637e+06
1.65637e+06
1.65904e+06
1.65904e+06
1.65904e+06
1.65904e+06
1.65358e+06
1.65358e+06
1.65358e+06
1.65371e+06
1.65392e+06
1.65392e+06
1.65417e+06
1.65417e+06
1.65444e+06
1.64192e+06
1.64222e+06
1.64212e+06
1.64126e+06
1.63863e+06
1.63272e+06
1.63668e+06
1.63658e+06
1.67267e+06
1.68647e+06
1.68537e+06
1.68568e+06
1.68567e+06
1.68567e+06
1.68567e+06
1.68557e+06
1.68557e+06
1.67968e+06
1.67968e+06
1.67968e+06
1.67996e+06
1.6662e+06
1.66606e+06
1.66606e+06
1.66606e+06
1.66606e+06
1.66606e+06
1.66606e+06
1.6644e+06
1.65382e+06
1.6563e+06
1.6563e+06
1.65711e+06
1.65721e+06
1.65724e+06
1.65633e+06
1.65633e+06
1.65642e+06
1.65642e+06
1.65642e+06
1.65642e+06
1.65642e+06
1.6554e+06
1.6554e+06
1.6554e+06
1.66057e+06
1.66028e+06
1.66028e+06
1.66149e+06
1.66149e+06
1.66149e+06
1.66422e+06
1.66415e+06
1.67148e+06
1.66943e+06
1.67205e+06
1.66996e+06
1.66974e+06
1.66974e+06
1.6698e+06
1.66915e+06
1.66138e+06
1.64992e+06
1.64994e+06
1.64989e+06
1.65004e+06
1.65e+06
1.65e+06
1.64994e+06
1.64994e+06
1.64994e+06
1.64687e+06
1.64687e+06
1.60531e+06
1.60531e+06
1.60531e+06
1.60531e+06
1.60537e+06
1.60528e+06
1.6055e+06
1.60548e+06
1.60548e+06
1.60548e+06
1.60548e+06
1.60533e+06
1.62985e+06
1.62985e+06
1.62977e+06
1.63261e+06
1.63011e+06
1.62918e+06
1.62969e+06
1.62931e+06
1.62931e+06
1.62969e+06
1.63038e+06
1.62553e+06
1.62556e+06
1.62403e+06
1.62443e+06
1.6245e+06
1.62447e+06
1.61224e+06
1.61213e+06
1.6233e+06
1.63342e+06
1.63342e+06
1.64202e+06
1.63457e+06
1.63461e+06
1.63379e+06
1.6338e+06
1.6338e+06
1.6338e+06
1.6338e+06
1.63368e+06
1.63364e+06
1.64944e+06
1.64909e+06
1.63224e+06
1.60018e+06
1.60028e+06
1.60022e+06
1.59274e+06
1.59211e+06
1.59253e+06
1.5938e+06
1.5938e+06
1.5938e+06
1.59261e+06
1.59393e+06
1.59401e+06
1.59401e+06
1.57352e+06
1.56988e+06
1.56997e+06
1.56997e+06
1.57574e+06
1.57122e+06
1.57122e+06
1.57065e+06
1.57051e+06
1.57202e+06
1.57202e+06
1.57177e+06
1.57168e+06
1.57168e+06
1.56062e+06
1.56062e+06
1.56085e+06
1.561e+06
1.54661e+06
1.54655e+06
1.54706e+06
1.5471e+06
1.54681e+06
1.54686e+06
1.54664e+06
1.52644e+06
1.52671e+06
1.52673e+06
1.52673e+06
1.52682e+06
1.52682e+06
1.5268e+06
1.5268e+06
1.52603e+06
1.52588e+06
1.5259e+06
1.52586e+06
1.52594e+06
1.52594e+06
1.52594e+06
1.51431e+06
1.5143e+06
1.5143e+06
1.53286e+06
1.53286e+06
1.53286e+06
1.53286e+06
1.53286e+06
1.52912e+06
1.53705e+06
1.53695e+06
1.53695e+06
1.53571e+06
1.53574e+06
1.53574e+06
1.54075e+06
1.54094e+06
1.52848e+06
1.5281e+06
1.52812e+06
1.5279e+06
1.5279e+06
1.52778e+06
1.51098e+06
1.51098e+06
1.51136e+06
1.51133e+06
1.51133e+06
1.51349e+06
1.51357e+06
1.51369e+06
1.51388e+06
1.51389e+06
1.50987e+06
1.50987e+06
1.50999e+06
1.50999e+06
1.50943e+06
1.50989e+06
1.50989e+06
1.51032e+06
1.51023e+06
1.51023e+06
1.51336e+06
1.51305e+06
1.52691e+06
1.52805e+06
1.52946e+06
1.52946e+06
1.54111e+06
1.54107e+06
1.54092e+06
1.53967e+06
1.5104e+06
1.5104e+06
1.5104e+06
1.5032e+06
1.50408e+06
1.50406e+06
1.50406e+06
1.50406e+06
1.50406e+06
1.50406e+06
1.49979e+06
1.49969e+06
1.50271e+06
1.50285e+06
1.50285e+06
1.50288e+06
1.5029e+06
1.50391e+06
1.50378e+06
1.50379e+06
1.50379e+06
1.5038e+06
1.5038e+06
1.5109e+06
1.51035e+06
1.51035e+06
1.51206e+06
1.51206e+06
1.51208e+06
1.51423e+06
1.5142e+06
1.51418e+06
1.51418e+06
1.51416e+06
1.51418e+06
1.51375e+06
1.51366e+06
1.5144e+06
1.51435e+06
1.51239e+06
1.51239e+06
1.48094e+06
1.4827e+06
1.48276e+06
1.50224e+06
1.50224e+06
1.50223e+06
1.50223e+06
1.50223e+06
1.50223e+06
1.50225e+06
1.50259e+06
1.50259e+06
1.5016e+06
1.5016e+06
1.49863e+06
1.49863e+06
1.49863e+06
1.48547e+06
1.4855e+06
1.4855e+06
1.48539e+06
1.48772e+06
1.49351e+06
1.49348e+06
1.49418e+06
1.49416e+06
1.49303e+06
1.49272e+06
1.48363e+06
1.48362e+06
1.4908e+06
1.49318e+06
1.49316e+06
1.49029e+06
1.50828e+06
1.50828e+06
1.50837e+06
1.50961e+06
1.50961e+06
1.51368e+06
1.48329e+06
1.48339e+06
1.4835e+06
1.4835e+06
1.48352e+06
1.48352e+06
1.48352e+06
1.48367e+06
1.48674e+06
1.48907e+06
1.49031e+06
1.49561e+06
1.4958e+06
1.49409e+06
1.49409e+06
1.49378e+06
1.49378e+06
1.49798e+06
1.49799e+06
1.49799e+06
1.49849e+06
1.53342e+06
1.53271e+06
1.53266e+06
1.53266e+06
1.53266e+06
1.53269e+06
1.52804e+06
1.53008e+06
1.53008e+06
1.53008e+06
1.5264e+06
1.52617e+06
1.53286e+06
1.53281e+06
1.52988e+06
1.52988e+06
1.5204e+06
1.50104e+06
1.50104e+06
1.49827e+06
1.50112e+06
1.50112e+06
1.49922e+06
1.49922e+06
1.50223e+06
1.50285e+06
1.50057e+06
1.50057e+06
1.50057e+06
1.5007e+06
1.5007e+06
1.50762e+06
1.51277e+06
1.51277e+06
1.51272e+06
1.51271e+06
1.51254e+06
1.50978e+06
1.50978e+06
1.51181e+06
1.50245e+06
1.5079e+06
1.5079e+06
1.51468e+06
1.51465e+06
1.51213e+06
1.51191e+06
1.50983e+06
1.50983e+06
1.50983e+06
1.50983e+06
1.50983e+06
1.49981e+06
1.49981e+06
1.50168e+06
1.50174e+06
1.49979e+06
1.50285e+06
1.50285e+06
1.50252e+06
1.50252e+06
1.50256e+06
1.49571e+06
1.49571e+06
1.4975e+06
1.4975e+06
1.49269e+06
1.49268e+06
1.48357e+06
1.48359e+06
1.48404e+06
1.48404e+06
1.48403e+06
1.4842e+06
1.48157e+06
1.48157e+06
1.47911e+06
1.47912e+06
1.47844e+06
1.47911e+06
1.47155e+06
1.47155e+06
1.47739e+06
1.47739e+06
1.47741e+06
1.47741e+06
1.46855e+06
1.46855e+06
1.46853e+06
1.46853e+06
1.46856e+06
1.46857e+06
1.46857e+06
1.4687e+06
1.46634e+06
1.4651e+06
1.4651e+06
1.46518e+06
1.46047e+06
1.44774e+06
1.44774e+06
1.44774e+06
1.4504e+06
1.45072e+06
1.45927e+06
1.44848e+06
1.44992e+06
1.45128e+06
1.45154e+06
1.42141e+06
1.42263e+06
1.42263e+06
1.42282e+06
1.42278e+06
1.42279e+06
1.42269e+06
1.42262e+06
1.42333e+06
1.42334e+06
1.42334e+06
1.42334e+06
1.42489e+06
1.42486e+06
1.42402e+06
1.42368e+06
1.40987e+06
1.40796e+06
1.40671e+06
1.40637e+06
1.40637e+06
1.40637e+06
1.40476e+06
1.40475e+06
1.40475e+06
1.40475e+06
1.40475e+06
1.40475e+06
1.40483e+06
1.41347e+06
1.41477e+06
1.41472e+06
1.41472e+06
1.41472e+06
1.41483e+06
1.4147e+06
1.4147e+06
1.4147e+06
1.4147e+06
1.4147e+06
1.41492e+06
1.41492e+06
1.41492e+06
1.41492e+06
1.41492e+06
1.41742e+06
1.41732e+06
1.41078e+06
1.41078e+06
1.41082e+06
1.41082e+06
1.41082e+06
1.41082e+06
1.41673e+06
1.42905e+06
1.43226e+06
1.45134e+06
1.45126e+06
1.45126e+06
1.45126e+06
1.46188e+06
1.46188e+06
1.46217e+06
1.46578e+06
1.46574e+06
1.46574e+06
1.4682e+06
1.4682e+06
1.4682e+06
1.4682e+06
1.46821e+06
1.47751e+06
1.47744e+06
1.47738e+06
1.47738e+06
1.47738e+06
1.47842e+06
1.47842e+06
1.47515e+06
1.45411e+06
1.45436e+06
1.45436e+06
1.45436e+06
1.46382e+06
1.46382e+06
1.46392e+06
1.46446e+06
1.4587e+06
1.44702e+06
1.44123e+06
1.44123e+06
1.44014e+06
1.44081e+06
1.4414e+06
1.4414e+06
1.45952e+06
1.45952e+06
1.45928e+06
1.45962e+06
1.45962e+06
1.45962e+06
1.45962e+06
1.45962e+06
1.45962e+06
1.46013e+06
1.46239e+06
1.46243e+06
1.46056e+06
1.44842e+06
1.44842e+06
1.45012e+06
1.45016e+06
1.45016e+06
1.4504e+06
1.45107e+06
1.45107e+06
1.45107e+06
1.45646e+06
1.45646e+06
1.45105e+06
1.43699e+06
1.43698e+06
1.4369e+06
1.43682e+06
1.43779e+06
1.44337e+06
1.46105e+06
1.45994e+06
1.45994e+06
1.45994e+06
1.45994e+06
1.45994e+06
1.44201e+06
1.44201e+06
1.44201e+06
1.44201e+06
1.44201e+06
1.44202e+06
1.44063e+06
1.44063e+06
1.44447e+06
1.44486e+06
1.44486e+06
1.44325e+06
1.44325e+06
1.44401e+06
1.44401e+06
1.4442e+06
1.44314e+06
1.44309e+06
1.44309e+06
1.44309e+06
1.44309e+06
1.44464e+06
1.44449e+06
1.44686e+06
1.44686e+06
1.44641e+06
1.44633e+06
1.44633e+06
1.44088e+06
1.44181e+06
1.44181e+06
1.44169e+06
1.44156e+06
1.44453e+06
1.44453e+06
1.44453e+06
1.44453e+06
1.44449e+06
1.4442e+06
1.4818e+06
1.48178e+06
1.48178e+06
1.48074e+06
1.48074e+06
1.48138e+06
1.48065e+06
1.48359e+06
1.4839e+06
1.4839e+06
1.48382e+06
1.48378e+06
1.50506e+06
1.50448e+06
1.50457e+06
1.50457e+06
1.50558e+06
1.5147e+06
1.51474e+06
1.51472e+06
1.52032e+06
1.53187e+06
1.53187e+06
1.5223e+06
1.53964e+06
1.52123e+06
1.52123e+06
1.52113e+06
1.52102e+06
1.52102e+06
1.52138e+06
1.52138e+06
1.52138e+06
1.52138e+06
1.52138e+06
1.52138e+06
1.52135e+06
1.52129e+06
1.52129e+06
1.52129e+06
1.5214e+06
1.5214e+06
1.52034e+06
1.52034e+06
1.52048e+06
1.52048e+06
1.52101e+06
1.5176e+06
1.5176e+06
1.51748e+06
1.5172e+06
1.5172e+06
1.5172e+06
1.51713e+06
1.51764e+06
1.51764e+06
1.48424e+06
1.48521e+06
1.48177e+06
1.48177e+06
1.48146e+06
1.4982e+06
1.5032e+06
1.50321e+06
1.49106e+06
1.4901e+06
1.4901e+06
1.47745e+06
1.47472e+06
1.47472e+06
1.48227e+06
1.49323e+06
1.49324e+06
1.49314e+06
1.49407e+06
1.49185e+06
1.49183e+06
1.49237e+06
1.49237e+06
1.49209e+06
1.49209e+06
1.48825e+06
1.48825e+06
1.48755e+06
1.48755e+06
1.48755e+06
1.48755e+06
1.48756e+06
1.48701e+06
1.4965e+06
1.49361e+06
1.49361e+06
1.49361e+06
1.49361e+06
1.49351e+06
1.49351e+06
1.49296e+06
1.49299e+06
1.49263e+06
1.49267e+06
1.49267e+06
1.4946e+06
1.49434e+06
1.49427e+06
1.49313e+06
1.48799e+06
1.48799e+06
1.49302e+06
1.51755e+06
1.52412e+06
1.51735e+06
1.51735e+06
1.51731e+06
1.51731e+06
1.51256e+06
1.51256e+06
1.51281e+06
1.51281e+06
1.51285e+06
1.52921e+06
1.52642e+06
1.52642e+06
1.51678e+06
1.51678e+06
1.51678e+06
1.51679e+06
1.51679e+06
1.52678e+06
1.52731e+06
1.51759e+06
1.51585e+06
1.51585e+06
1.51584e+06
1.51583e+06
1.51581e+06
1.51536e+06
1.50888e+06
1.50961e+06
1.50738e+06
1.50752e+06
1.50606e+06
1.50631e+06
1.50631e+06
1.50631e+06
1.50631e+06
1.50642e+06
1.5059e+06
1.50586e+06
1.50586e+06
1.47973e+06
1.48003e+06
1.47993e+06
1.47864e+06
1.47864e+06
1.47872e+06
1.47876e+06
1.47876e+06
1.48185e+06
1.48185e+06
1.48254e+06
1.48253e+06
1.48253e+06
1.47841e+06
1.47909e+06
1.4793e+06
1.47903e+06
1.4773e+06
1.47793e+06
1.47474e+06
1.47529e+06
1.47529e+06
1.47477e+06
1.47477e+06
1.47469e+06
1.47466e+06
1.47466e+06
1.46992e+06
1.46462e+06
1.46468e+06
1.46458e+06
1.45634e+06
1.4564e+06
1.45617e+06
1.45617e+06
1.43392e+06
1.43391e+06
1.43443e+06
1.43443e+06
1.43443e+06
1.42951e+06
1.43001e+06
1.43001e+06
1.43003e+06
1.42678e+06
1.43145e+06
1.43145e+06
1.43145e+06
1.43153e+06
1.43159e+06
1.43166e+06
1.43166e+06
1.43469e+06
1.43484e+06
1.43484e+06
1.4349e+06
1.43493e+06
1.43493e+06
1.42983e+06
1.43092e+06
1.42658e+06
1.42658e+06
1.42694e+06
1.42694e+06
1.42694e+06
1.42594e+06
1.42588e+06
1.42597e+06
1.42603e+06
1.42603e+06
1.42597e+06
1.42413e+06
1.43104e+06
1.43152e+06
1.4307e+06
1.43053e+06
1.43427e+06
1.43258e+06
1.44146e+06
1.44492e+06
1.44492e+06
1.41716e+06
1.42019e+06
1.42019e+06
1.42013e+06
1.3943e+06
1.39432e+06
1.39432e+06
1.39442e+06
1.39415e+06
1.39386e+06
1.38941e+06
1.38941e+06
1.38941e+06
1.38959e+06
1.38959e+06
1.38933e+06
1.38289e+06
1.38289e+06
1.38316e+06
1.38316e+06
1.38316e+06
1.38316e+06
1.38579e+06
1.38645e+06
1.38641e+06
1.38641e+06
1.38631e+06
1.38631e+06
1.39377e+06
1.39324e+06
1.3932e+06
1.3929e+06
1.39285e+06
1.39276e+06
1.39276e+06
1.39273e+06
1.39754e+06
1.39754e+06
1.39759e+06
1.3959e+06
1.39588e+06
1.39588e+06
1.39588e+06
1.39577e+06
1.40567e+06
1.40732e+06
1.40732e+06
1.39488e+06
1.39488e+06
1.39374e+06
1.39374e+06
1.39374e+06
1.40208e+06
1.40205e+06
1.40076e+06
1.40058e+06
1.40058e+06
1.40148e+06
1.39987e+06
1.39964e+06
1.39825e+06
1.38869e+06
1.38849e+06
1.38849e+06
1.38849e+06
1.38849e+06
1.38193e+06
1.38666e+06
1.38644e+06
1.38643e+06
1.38716e+06
1.38716e+06
1.38625e+06
1.38625e+06
1.38625e+06
1.38637e+06
1.38637e+06
1.38269e+06
1.38269e+06
1.38269e+06
1.38269e+06
1.38269e+06
1.38269e+06
1.38484e+06
1.3849e+06
1.38503e+06
1.38498e+06
1.38498e+06
1.38503e+06
1.38392e+06
1.38403e+06
1.38403e+06
1.3839e+06
1.3839e+06
1.3839e+06
1.38394e+06
1.3839e+06
1.3839e+06
1.3839e+06
1.38084e+06
1.38084e+06
1.38103e+06
1.38103e+06
1.38726e+06
1.38101e+06
1.38102e+06
1.38104e+06
1.38099e+06
1.38099e+06
1.38034e+06
1.38299e+06
1.38518e+06
1.39198e+06
1.38687e+06
1.38687e+06
1.38932e+06
1.39021e+06
1.39021e+06
1.39021e+06
1.39018e+06
1.39084e+06
1.39006e+06
1.39006e+06
1.38981e+06
1.38983e+06
1.38931e+06
1.389e+06
1.39011e+06
1.39926e+06
1.39926e+06
1.39926e+06
1.40027e+06
1.40026e+06
1.39972e+06
1.39985e+06
1.39985e+06
1.39985e+06
1.39962e+06
1.39963e+06
1.39645e+06
1.39641e+06
1.39641e+06
1.39654e+06
1.39651e+06
1.39651e+06
1.39647e+06
1.39647e+06
1.39647e+06
1.3826e+06
1.38303e+06
1.38311e+06
1.38311e+06
1.38446e+06
1.36843e+06
1.36848e+06
1.36581e+06
1.3651e+06
1.3651e+06
1.3651e+06
1.3651e+06
1.3651e+06
1.36508e+06
1.36615e+06
1.36615e+06
1.36611e+06
1.36611e+06
1.36012e+06
1.36012e+06
1.36012e+06
1.36012e+06
1.36007e+06
1.35994e+06
1.35778e+06
1.35489e+06
1.35495e+06
1.35495e+06
1.35495e+06
1.35495e+06
1.35495e+06
1.35493e+06
1.37261e+06
1.37261e+06
1.38379e+06
1.38379e+06
1.38379e+06
1.38384e+06
1.38178e+06
1.38308e+06
1.36809e+06
1.36946e+06
1.36946e+06
1.36946e+06
1.37046e+06
1.37046e+06
1.37046e+06
1.37121e+06
1.36735e+06
1.38809e+06
1.38809e+06
1.38809e+06
1.39012e+06
1.39012e+06
1.39012e+06
1.39012e+06
1.39009e+06
1.3901e+06
1.3901e+06
1.3901e+06
1.39054e+06
1.39378e+06
1.39389e+06
1.39555e+06
1.39555e+06
1.39555e+06
1.39519e+06
1.39277e+06
1.3873e+06
1.3873e+06
1.3873e+06
1.3873e+06
1.38727e+06
1.40222e+06
1.40754e+06
1.4076e+06
1.4075e+06
1.40095e+06
1.40116e+06
1.40019e+06
1.39997e+06
1.39763e+06
1.39763e+06
1.4081e+06
1.4081e+06
1.39662e+06
1.39662e+06
1.39684e+06
1.39684e+06
1.39684e+06
1.39684e+06
1.39684e+06
1.39684e+06
1.39694e+06
1.39679e+06
1.39606e+06
1.39576e+06
1.39576e+06
1.39576e+06
1.39576e+06
1.39576e+06
1.39597e+06
1.39598e+06
1.41049e+06
1.41028e+06
1.42401e+06
1.42401e+06
1.41438e+06
1.40785e+06
1.4101e+06
1.41028e+06
1.40939e+06
1.40148e+06
1.40148e+06
1.40148e+06
1.39615e+06
1.38254e+06
1.38281e+06
1.38339e+06
1.38341e+06
1.38456e+06
1.38763e+06
1.38763e+06
1.39043e+06
1.39048e+06
1.39048e+06
1.38948e+06
1.38931e+06
1.38931e+06
1.38936e+06
1.38936e+06
1.39007e+06
1.40205e+06
1.40252e+06
1.40252e+06
1.40244e+06
1.40241e+06
1.39235e+06
1.39236e+06
1.39229e+06
1.39229e+06
1.39338e+06
1.39287e+06
1.38294e+06
1.38311e+06
1.38311e+06
1.37915e+06
1.37915e+06
1.37894e+06
1.37894e+06
1.37894e+06
1.37894e+06
1.3788e+06
1.3788e+06
1.37878e+06
1.37878e+06
1.37901e+06
1.37901e+06
1.37897e+06
1.37903e+06
1.37414e+06
1.37415e+06
1.37476e+06
1.37476e+06
1.37476e+06
1.37476e+06
1.37476e+06
1.37476e+06
1.3748e+06
1.3748e+06
1.39369e+06
1.39361e+06
1.39333e+06
1.39391e+06
1.39594e+06
1.39793e+06
1.39793e+06
1.39793e+06
1.39793e+06
1.39759e+06
1.39754e+06
1.39754e+06
1.38169e+06
1.3766e+06
1.4148e+06
1.4148e+06
1.41481e+06
1.41481e+06
1.4149e+06
1.4149e+06
1.39954e+06
1.39954e+06
1.39952e+06
1.39952e+06
1.39955e+06
1.39955e+06
1.39986e+06
1.40007e+06
1.40372e+06
1.40425e+06
1.40421e+06
1.40189e+06
1.4028e+06
1.4003e+06
1.3931e+06
1.39224e+06
1.39208e+06
1.38474e+06
1.38332e+06
1.39445e+06
1.38926e+06
1.38815e+06
1.38834e+06
1.38841e+06
1.388e+06
1.38827e+06
1.38248e+06
1.38249e+06
1.38056e+06
1.38073e+06
1.38073e+06
1.38273e+06
1.38273e+06
1.38273e+06
1.38273e+06
1.38273e+06
1.38267e+06
1.38267e+06
1.38301e+06
1.38376e+06
1.38376e+06
1.36816e+06
1.36908e+06
1.37011e+06
1.37394e+06
1.373e+06
1.373e+06
1.37279e+06
1.37279e+06
1.3723e+06
1.3723e+06
1.36985e+06
1.36985e+06
1.36985e+06
1.36951e+06
1.36971e+06
1.36971e+06
1.36979e+06
1.37022e+06
1.37387e+06
1.3739e+06
1.37384e+06
1.37366e+06
1.37366e+06
1.37366e+06
1.37356e+06
1.37218e+06
1.37197e+06
1.37197e+06
1.37193e+06
1.37257e+06
1.37252e+06
1.38208e+06
1.38204e+06
1.38204e+06
1.38199e+06
1.38199e+06
1.38268e+06
1.38256e+06
1.38256e+06
1.38235e+06
1.38244e+06
1.38244e+06
1.39202e+06
1.39205e+06
1.39204e+06
1.39204e+06
1.39204e+06
1.39206e+06
1.39902e+06
1.40037e+06
1.40354e+06
1.40335e+06
1.40371e+06
1.40557e+06
1.38479e+06
1.38662e+06
1.38659e+06
1.38659e+06
1.38677e+06
1.38677e+06
1.38684e+06
1.38684e+06
1.38684e+06
1.39876e+06
1.39829e+06
1.39829e+06
1.39829e+06
1.39829e+06
1.39787e+06
1.39793e+06
1.40328e+06
1.40389e+06
1.40373e+06
1.403e+06
1.403e+06
1.403e+06
1.40299e+06
1.3973e+06
1.39558e+06
1.39562e+06
1.39772e+06
1.39772e+06
1.3971e+06
1.3971e+06
1.39704e+06
1.39704e+06
1.39704e+06
1.39704e+06
1.39704e+06
1.39704e+06
1.39704e+06
1.39709e+06
1.39736e+06
1.39736e+06
1.39729e+06
1.39729e+06
1.39724e+06
1.39733e+06
1.39725e+06
1.39721e+06
1.39721e+06
1.39721e+06
1.39724e+06
1.39724e+06
1.39688e+06
1.39852e+06
1.3995e+06
1.3995e+06
1.3995e+06
1.3995e+06
1.3995e+06
1.3995e+06
1.39978e+06
1.39905e+06
1.39764e+06
1.39767e+06
1.39758e+06
1.39669e+06
1.39658e+06
1.39641e+06
1.39641e+06
1.39637e+06
1.39766e+06
1.39766e+06
1.3975e+06
1.39826e+06
1.39833e+06
1.39789e+06
1.39789e+06
1.39789e+06
1.39789e+06
1.39786e+06
1.39789e+06
1.39789e+06
1.39789e+06
1.39789e+06
1.39792e+06
1.39792e+06
1.39816e+06
1.39706e+06
1.39706e+06
1.39706e+06
1.39706e+06
1.39706e+06
1.41172e+06
1.4113e+06
1.41122e+06
1.41122e+06
1.41122e+06
1.41134e+06
1.41134e+06
1.41134e+06
1.41143e+06
1.41143e+06
1.41137e+06
1.43036e+06
1.43036e+06
1.43036e+06
1.4058e+06
1.40573e+06
1.4056e+06
1.40527e+06
1.40527e+06
1.40527e+06
1.40527e+06
1.4052e+06
1.40863e+06
1.40863e+06
1.4052e+06
1.4052e+06
1.40507e+06
1.40507e+06
1.40133e+06
1.40161e+06
1.40161e+06
1.40288e+06
1.40288e+06
1.40264e+06
1.40134e+06
1.40271e+06
1.40271e+06
1.40271e+06
1.40271e+06
1.40194e+06
1.40086e+06
1.40089e+06
1.40079e+06
1.40809e+06
1.3925e+06
1.3925e+06
1.39256e+06
1.39266e+06
1.39498e+06
1.39494e+06
1.39484e+06
1.39737e+06
1.39928e+06
1.39766e+06
1.39638e+06
1.39637e+06
1.39623e+06
1.39617e+06
1.39617e+06
1.39618e+06
1.39618e+06
1.39618e+06
1.3949e+06
1.3949e+06
1.3949e+06
1.3949e+06
1.39481e+06
1.39326e+06
1.39325e+06
1.39325e+06
1.39353e+06
1.38846e+06
1.38846e+06
1.38846e+06
1.3891e+06
1.38414e+06
1.38362e+06
1.38362e+06
1.38362e+06
1.38362e+06
1.38362e+06
1.38362e+06
1.38362e+06
1.38359e+06
1.38359e+06
1.3792e+06
1.3792e+06
1.3792e+06
1.37703e+06
1.37725e+06
1.37725e+06
1.37725e+06
1.37263e+06
1.37659e+06
1.3762e+06
1.37626e+06
1.37613e+06
1.37626e+06
1.37962e+06
1.37962e+06
1.36328e+06
1.36328e+06
1.3666e+06
1.3666e+06
1.36808e+06
1.36808e+06
1.36808e+06
1.36808e+06
1.36808e+06
1.36808e+06
1.36798e+06
1.36798e+06
1.36798e+06
1.36798e+06
1.35844e+06
1.35723e+06
1.36108e+06
1.36111e+06
1.36117e+06
1.36117e+06
1.36117e+06
1.36117e+06
1.35725e+06
1.35723e+06
1.35723e+06
1.35723e+06
1.35719e+06
1.35719e+06
1.35719e+06
1.35719e+06
1.35719e+06
1.3592e+06
1.36378e+06
1.36378e+06
1.36378e+06
1.36678e+06
1.36666e+06
1.36662e+06
1.36662e+06
1.36662e+06
1.36662e+06
1.3662e+06
1.36981e+06
1.36977e+06
1.36977e+06
1.36977e+06
1.36968e+06
1.36968e+06
1.37035e+06
1.37035e+06
1.36825e+06
1.37455e+06
1.37455e+06
1.37455e+06
1.37453e+06
1.37453e+06
1.37454e+06
1.37303e+06
1.37304e+06
1.37449e+06
1.37273e+06
1.37273e+06
1.3715e+06
1.3715e+06
1.3715e+06
1.37237e+06
1.37237e+06
1.37597e+06
1.37763e+06
1.37765e+06
1.37765e+06
1.37765e+06
1.37765e+06
1.37756e+06
1.37756e+06
1.37763e+06
1.3773e+06
1.3773e+06
1.37717e+06
1.37717e+06
1.37717e+06
1.3771e+06
1.37732e+06
1.37732e+06
1.37673e+06
1.37673e+06
1.37688e+06
1.37679e+06
1.37685e+06
1.37763e+06
1.37765e+06
1.37765e+06
1.37765e+06
1.37765e+06
1.37766e+06
1.35449e+06
1.35449e+06
1.35673e+06
1.358e+06
1.3579e+06
1.35765e+06
1.35638e+06
1.35638e+06
1.35638e+06
1.35638e+06
1.33669e+06
1.33667e+06
1.33559e+06
1.33676e+06
1.33688e+06
1.33714e+06
1.33758e+06
1.33758e+06
1.33758e+06
1.33763e+06
1.33763e+06
1.33457e+06
1.33457e+06
1.33457e+06
1.33457e+06
1.33457e+06
1.33457e+06
1.33457e+06
1.33457e+06
1.33457e+06
1.30462e+06
1.30462e+06
1.3087e+06
1.30872e+06
1.30879e+06
1.30879e+06
1.30879e+06
1.30872e+06
1.30887e+06
1.30887e+06
1.30868e+06
1.30868e+06
1.30868e+06
1.30868e+06
1.30868e+06
1.30869e+06
1.30709e+06
1.30709e+06
1.30709e+06
1.30558e+06
1.30557e+06
1.30557e+06
1.30557e+06
1.30822e+06
1.30822e+06
1.30822e+06
1.3084e+06
1.3084e+06
1.30846e+06
1.30846e+06
1.30765e+06
1.30692e+06
1.30692e+06
1.30692e+06
1.30692e+06
1.3071e+06
1.3071e+06
1.30702e+06
1.30759e+06
1.31318e+06
1.31356e+06
1.3136e+06
1.3136e+06
1.31347e+06
1.31395e+06
1.3133e+06
1.31404e+06
1.31403e+06
1.31292e+06
1.31292e+06
1.31292e+06
1.31292e+06
1.31316e+06
1.31252e+06
1.31248e+06
1.31248e+06
1.31246e+06
1.31246e+06
1.31229e+06
1.31229e+06
1.31226e+06
1.31251e+06
1.3126e+06
1.31273e+06
1.31327e+06
1.3132e+06
1.3132e+06
1.31319e+06
1.31309e+06
1.31331e+06
1.31331e+06
1.31331e+06
1.31337e+06
1.31341e+06
1.31322e+06
1.31322e+06
1.31325e+06
1.31325e+06
1.31332e+06
1.31119e+06
1.31119e+06
1.31401e+06
1.31405e+06
1.31354e+06
1.31354e+06
1.31358e+06
1.31433e+06
1.31423e+06
1.31644e+06
1.31644e+06
1.31645e+06
1.31647e+06
1.31647e+06
1.30612e+06
1.30606e+06
1.30143e+06
1.30039e+06
1.29908e+06
1.29908e+06
1.29934e+06
1.29934e+06
1.30254e+06
1.29983e+06
1.29962e+06
1.29956e+06
1.29956e+06
1.29956e+06
1.29824e+06
1.29824e+06
1.29814e+06
1.29814e+06
1.29814e+06
1.29814e+06
1.29814e+06
1.29814e+06
1.29814e+06
1.29813e+06
1.29813e+06
1.29818e+06
1.29818e+06
1.29818e+06
1.29815e+06
1.29815e+06
1.29864e+06
1.29864e+06
1.29926e+06
1.29934e+06
1.29934e+06
1.29934e+06
1.29947e+06
1.29947e+06
1.29947e+06
1.29944e+06
1.29936e+06
1.29939e+06
1.3021e+06
1.30181e+06
1.30181e+06
1.30191e+06
1.30191e+06
1.30191e+06
1.3021e+06
1.29328e+06
1.29349e+06
1.29205e+06
1.29349e+06
1.293e+06
1.293e+06
1.293e+06
1.29285e+06
1.29292e+06
1.29125e+06
1.29125e+06
1.2914e+06
1.29148e+06
1.29148e+06
1.29019e+06
1.29014e+06
1.29014e+06
1.2901e+06
1.28823e+06
1.28823e+06
1.28822e+06
1.28818e+06
1.28818e+06
1.28851e+06
1.28851e+06
1.28851e+06
1.28834e+06
1.28846e+06
1.28813e+06
1.28812e+06
1.28813e+06
1.28813e+06
1.28617e+06
1.28616e+06
1.28616e+06
1.28616e+06
1.28579e+06
1.28283e+06
1.2806e+06
1.28043e+06
1.28036e+06
1.28034e+06
1.28034e+06
1.28033e+06
1.28038e+06
1.2804e+06
1.2804e+06
1.28051e+06
1.28051e+06
1.28051e+06
1.28051e+06
1.28051e+06
1.2794e+06
1.2794e+06
1.27867e+06
1.27867e+06
1.27838e+06
1.27834e+06
1.2781e+06
1.2781e+06
1.27588e+06
1.27588e+06
1.27588e+06
1.27588e+06
1.27591e+06
1.2753e+06
1.27529e+06
1.27523e+06
1.27523e+06
1.27523e+06
1.27523e+06
1.27527e+06
1.27527e+06
1.27533e+06
1.27533e+06
1.27487e+06
1.27487e+06
1.27485e+06
1.27487e+06
1.27498e+06
1.27504e+06
1.27504e+06
1.27504e+06
1.27504e+06
1.27504e+06
1.2753e+06
1.2753e+06
1.2753e+06
1.2753e+06
1.27587e+06
1.27587e+06
1.27516e+06
1.27516e+06
1.27516e+06
1.27508e+06
1.27556e+06
1.27558e+06
1.27554e+06
1.27554e+06
1.27558e+06
1.27558e+06
1.27558e+06
1.26818e+06
1.26818e+06
1.26818e+06
1.26818e+06
1.26818e+06
1.26825e+06
1.26825e+06
1.26837e+06
1.26881e+06
1.26881e+06
1.26881e+06
1.26863e+06
1.26863e+06
1.2692e+06
1.2692e+06
1.26904e+06
1.26904e+06
1.26904e+06
1.26916e+06
1.26916e+06
1.26916e+06
1.26912e+06
1.26914e+06
1.26902e+06
1.26897e+06
1.26919e+06
1.26924e+06
1.26924e+06
1.26927e+06
1.26992e+06
1.26992e+06
1.26992e+06
1.26992e+06
1.26992e+06
1.26918e+06
1.26918e+06
1.26918e+06
1.26918e+06
1.26709e+06
1.26709e+06
1.26709e+06
1.26709e+06
1.26709e+06
1.26709e+06
1.26709e+06
1.26677e+06
1.26677e+06
1.26667e+06
1.26692e+06
1.26692e+06
1.26692e+06
1.26689e+06
1.26689e+06
1.26689e+06
1.26689e+06
1.26722e+06
1.2672e+06
1.26721e+06
1.26716e+06
1.2672e+06
1.2672e+06
1.2672e+06
1.2672e+06
1.2672e+06
1.2672e+06
1.2672e+06
1.2672e+06
1.26716e+06
1.26728e+06
1.26137e+06
1.26137e+06
1.26137e+06
1.2613e+06
1.26016e+06
1.25481e+06
1.25481e+06
1.25475e+06
1.25475e+06
1.25475e+06
1.25475e+06
1.25475e+06
1.25475e+06
1.25482e+06
1.25482e+06
1.25482e+06
1.25482e+06
1.25474e+06
1.25474e+06
1.25481e+06
1.25481e+06
1.25481e+06
1.25481e+06
1.25481e+06
1.25481e+06
1.25481e+06
1.2549e+06
1.2549e+06
1.2549e+06
1.2549e+06
1.2549e+06
1.2549e+06
1.25654e+06
1.25654e+06
1.25654e+06
1.25654e+06
1.25654e+06
1.25654e+06
1.25654e+06
1.25635e+06
1.25613e+06
1.25686e+06
1.25714e+06
1.25714e+06
1.25714e+06
1.25714e+06
1.25775e+06
1.25775e+06
1.25775e+06
1.25775e+06
1.25777e+06
1.24195e+06
1.24199e+06
1.24199e+06
1.24048e+06
1.24048e+06
1.24048e+06
1.24048e+06
1.24048e+06
1.24024e+06
1.24134e+06
1.24134e+06
1.24168e+06
1.24132e+06
1.24132e+06
1.24132e+06
1.24132e+06
1.24132e+06
1.24132e+06
1.24134e+06
1.24122e+06
1.24124e+06
1.24124e+06
1.23935e+06
1.23816e+06
1.23816e+06
1.23816e+06
1.2382e+06
1.2382e+06
1.2383e+06
1.2383e+06
1.2383e+06
1.2383e+06
1.2383e+06
1.23825e+06
1.23825e+06
1.23821e+06
1.23821e+06
1.23821e+06
1.23818e+06
1.23809e+06
1.23804e+06
1.23821e+06
1.23869e+06
1.23916e+06
1.23916e+06
1.23916e+06
1.23916e+06
1.23916e+06
1.23913e+06
1.2392e+06
1.23921e+06
1.23773e+06
1.23773e+06
1.23773e+06
1.23773e+06
1.23773e+06
1.23785e+06
1.23785e+06
1.23785e+06
1.23785e+06
1.23928e+06
1.23373e+06
1.23373e+06
1.23373e+06
1.2337e+06
1.2337e+06
1.23323e+06
1.23323e+06
1.23323e+06
1.23323e+06
1.23261e+06
1.23261e+06
1.23261e+06
1.23261e+06
1.23268e+06
1.23268e+06
1.23273e+06
1.23272e+06
1.22946e+06
1.22946e+06
1.22971e+06
1.22973e+06
1.22973e+06
1.22973e+06
1.2295e+06
1.2295e+06
1.22952e+06
1.22952e+06
1.22947e+06
1.22947e+06
1.22947e+06
1.22947e+06
1.22949e+06
1.22949e+06
1.22949e+06
1.22991e+06
1.22996e+06
1.22996e+06
1.22996e+06
1.22996e+06
1.22954e+06
1.22912e+06
1.22912e+06
1.22912e+06
1.22912e+06
1.22847e+06
1.22843e+06
1.22824e+06
1.22824e+06
1.22824e+06
1.22824e+06
1.22826e+06
1.22829e+06
1.22829e+06
1.22829e+06
1.22815e+06
1.22815e+06
1.22815e+06
1.22815e+06
1.22573e+06
1.22573e+06
1.22573e+06
1.22573e+06
1.22573e+06
1.22573e+06
1.22573e+06
1.22568e+06
1.22568e+06
1.22568e+06
1.22568e+06
1.22562e+06
1.22823e+06
1.22823e+06
1.22823e+06
1.22823e+06
1.22816e+06
1.22816e+06
1.22816e+06
1.22816e+06
1.22816e+06
1.22816e+06
1.2262e+06
1.2262e+06
1.2262e+06
1.2262e+06
1.22674e+06
1.2268e+06
1.2268e+06
1.2268e+06
1.2268e+06
1.22684e+06
1.22667e+06
1.22674e+06
1.22674e+06
1.22688e+06
1.22688e+06
1.22688e+06
1.22688e+06
1.227e+06
1.227e+06
1.227e+06
1.227e+06
1.228e+06
1.22793e+06
1.22793e+06
1.22793e+06
1.2279e+06
1.2279e+06
1.22915e+06
1.23039e+06
1.23039e+06
1.23034e+06
1.23034e+06
1.23034e+06
1.23034e+06
1.22928e+06
1.22928e+06
1.22928e+06
1.22925e+06
1.22925e+06
1.22925e+06
1.22934e+06
1.22934e+06
1.22934e+06
1.22752e+06
1.22752e+06
1.22752e+06
1.22803e+06
1.22814e+06
1.22776e+06
1.22776e+06
1.22783e+06
1.22782e+06
1.22782e+06
1.22782e+06
1.22782e+06
1.22782e+06
1.22782e+06
1.22782e+06
1.2277e+06
1.2277e+06
1.2277e+06
1.2277e+06
1.2277e+06
1.22773e+06
1.22811e+06
1.22797e+06
1.2177e+06
1.2177e+06
1.21754e+06
1.21749e+06
1.21749e+06
1.21736e+06
1.21676e+06
1.21676e+06
1.21681e+06
1.21681e+06
1.21681e+06
1.21681e+06
1.21681e+06
1.21681e+06
1.21633e+06
1.21633e+06
1.21652e+06
1.21652e+06
1.21652e+06
1.21664e+06
1.21664e+06
1.21664e+06
1.2166e+06
1.2166e+06
1.2166e+06
1.21663e+06
1.21663e+06
1.21663e+06
1.21658e+06
1.21659e+06
1.2158e+06
1.21568e+06
1.21584e+06
1.21584e+06
1.2158e+06
1.2158e+06
1.21584e+06
1.21584e+06
1.21581e+06
1.21581e+06
1.21581e+06
1.21578e+06
1.21573e+06
1.21571e+06
1.21551e+06
1.21545e+06
1.21551e+06
1.21638e+06
1.21638e+06
1.21638e+06
1.21758e+06
1.21756e+06
1.21672e+06
1.21686e+06
1.21686e+06
1.21681e+06
1.21681e+06
1.21681e+06
1.21681e+06
1.21681e+06
1.21681e+06
1.21681e+06
1.21699e+06
1.21699e+06
1.21699e+06
1.21354e+06
1.21354e+06
1.21535e+06
1.21539e+06
1.21523e+06
1.21513e+06
1.21496e+06
1.21499e+06
1.21499e+06
1.21499e+06
1.21459e+06
1.21459e+06
1.2171e+06
1.217e+06
1.21686e+06
1.21677e+06
1.21677e+06
1.21686e+06
1.21676e+06
1.21683e+06
1.21684e+06
1.21684e+06
1.21675e+06
1.21675e+06
1.21728e+06
1.21651e+06
1.21651e+06
1.21633e+06
1.21633e+06
1.21681e+06
1.21671e+06
1.21495e+06
1.21502e+06
1.21502e+06
1.21502e+06
1.21502e+06
1.21514e+06
1.21514e+06
1.21514e+06
1.21286e+06
1.21284e+06
1.21278e+06
1.21278e+06
1.21278e+06
1.21278e+06
1.21251e+06
1.21251e+06
1.2096e+06
1.2096e+06
1.20993e+06
1.20993e+06
1.20993e+06
1.20993e+06
1.20991e+06
1.20994e+06
1.20832e+06
1.20832e+06
1.21029e+06
1.21029e+06
1.21029e+06
1.21029e+06
1.21029e+06
1.21003e+06
1.21003e+06
1.21003e+06
1.21002e+06
1.21002e+06
1.20999e+06
1.20632e+06
1.20632e+06
1.20632e+06
1.20383e+06
1.20391e+06
1.20391e+06
1.20391e+06
1.20387e+06
1.20387e+06
1.20387e+06
1.20387e+06
1.20387e+06
1.20387e+06
1.20387e+06
1.20387e+06
1.20387e+06
1.20387e+06
1.20387e+06
1.20387e+06
1.20387e+06
1.20387e+06
1.20386e+06
1.19078e+06
1.19078e+06
1.19078e+06
1.19078e+06
1.19078e+06
1.19078e+06
1.19078e+06
1.19074e+06
1.19074e+06
1.19074e+06
1.19064e+06
1.19064e+06
1.19044e+06
1.19044e+06
1.19034e+06
1.19034e+06
1.19034e+06
1.19034e+06
1.19034e+06
1.19034e+06
1.1917e+06
1.1917e+06
1.19143e+06
1.19143e+06
1.19143e+06
1.19143e+06
1.19143e+06
1.19143e+06
1.19143e+06
1.19152e+06
1.19152e+06
1.19152e+06
1.19176e+06
1.19176e+06
1.19176e+06
1.19176e+06
1.19176e+06
1.19168e+06
1.19168e+06
1.19168e+06
1.19168e+06
1.19168e+06
1.19163e+06
1.19163e+06
1.19163e+06
1.19163e+06
1.19163e+06
1.19166e+06
1.19097e+06
1.19097e+06
1.19097e+06
1.19097e+06
1.19126e+06
1.19126e+06
1.19091e+06
1.19091e+06
1.19091e+06
1.19091e+06
1.19145e+06
1.19145e+06
1.19132e+06
1.19137e+06
1.19134e+06
1.19122e+06
1.19117e+06
1.19117e+06
1.19121e+06
1.19114e+06
1.19114e+06
1.19114e+06
1.19141e+06
1.19141e+06
1.19141e+06
1.19141e+06
1.19141e+06
1.19141e+06
1.19138e+06
1.19138e+06
1.18967e+06
1.18967e+06
1.18967e+06
1.19071e+06
1.19071e+06
1.19073e+06
1.1908e+06
1.19041e+06
1.19041e+06
1.19041e+06
1.19041e+06
1.19041e+06
1.19045e+06
1.19045e+06
1.19057e+06
1.19057e+06
1.19057e+06
1.19037e+06
1.19037e+06
1.19037e+06
1.19031e+06
1.19031e+06
1.1902e+06
1.1902e+06
1.19025e+06
1.19025e+06
1.19025e+06
1.19025e+06
1.19025e+06
1.1904e+06
1.1904e+06
1.1904e+06
1.18963e+06
1.18963e+06
1.18963e+06
1.18963e+06
1.18968e+06
1.18968e+06
1.18959e+06
1.18959e+06
1.18959e+06
1.18959e+06
1.18958e+06
1.18958e+06
1.18958e+06
1.18958e+06
1.18958e+06
1.18958e+06
1.1895e+06
1.1895e+06
1.18846e+06
1.18846e+06
1.18846e+06
1.18785e+06
1.18785e+06
1.18779e+06
1.18779e+06
1.18779e+06
1.18785e+06
1.18805e+06
1.18805e+06
1.18805e+06
1.18805e+06
1.18805e+06
1.18788e+06
1.18789e+06
1.18789e+06
1.18772e+06
1.18772e+06
1.1877e+06
1.18765e+06
1.18765e+06
1.18765e+06
1.18784e+06
1.18784e+06
1.18784e+06
1.18828e+06
1.18828e+06
1.18828e+06
1.18828e+06
1.18833e+06
1.18447e+06
1.18447e+06
1.18465e+06
1.18465e+06
1.18465e+06
1.18463e+06
1.1854e+06
1.1854e+06
1.1854e+06
1.18513e+06
1.18478e+06
1.18478e+06
1.18478e+06
1.18488e+06
1.18488e+06
1.18488e+06
1.18488e+06
1.18488e+06
1.18479e+06
1.18479e+06
1.18486e+06
1.18486e+06
1.18486e+06
1.18486e+06
1.18482e+06
1.1846e+06
1.1846e+06
1.18461e+06
1.18461e+06
1.18492e+06
1.18023e+06
1.18023e+06
1.18023e+06
1.18016e+06
1.18016e+06
1.18016e+06
1.18016e+06
1.17996e+06
1.17996e+06
1.17996e+06
1.17996e+06
1.17996e+06
1.17996e+06
1.17996e+06
1.17996e+06
1.17996e+06
1.17996e+06
1.17987e+06
1.1798e+06
1.1798e+06
1.1798e+06
1.17818e+06
1.17815e+06
1.1788e+06
1.17911e+06
1.17911e+06
1.17916e+06
1.17916e+06
1.17916e+06
1.17916e+06
1.17916e+06
1.17916e+06
1.17916e+06
1.17916e+06
1.17916e+06
1.17916e+06
1.17444e+06
1.17356e+06
1.17356e+06
1.17363e+06
1.17363e+06
1.17363e+06
1.17363e+06
1.17363e+06
1.17363e+06
1.17363e+06
1.17363e+06
1.17363e+06
1.17363e+06
1.17363e+06
1.17333e+06
1.17333e+06
1.17333e+06
1.17333e+06
1.17335e+06
1.17335e+06
1.17234e+06
1.17038e+06
1.17038e+06
1.17038e+06
1.17038e+06
1.16845e+06
1.16852e+06
1.16842e+06
1.16842e+06
1.16842e+06
1.16846e+06
1.16846e+06
1.16846e+06
1.16846e+06
1.16846e+06
1.16846e+06
1.16846e+06
1.16846e+06
1.16846e+06
1.16846e+06
1.16846e+06
1.16856e+06
1.16856e+06
1.16856e+06
1.16856e+06
1.16846e+06
1.16846e+06
1.16846e+06
1.16846e+06
1.16846e+06
1.16846e+06
1.16842e+06
1.16842e+06
1.16842e+06
1.16842e+06
1.16838e+06
1.16838e+06
1.16838e+06
1.16838e+06
1.16838e+06
1.16838e+06
1.16834e+06
1.16829e+06
1.16829e+06
1.16829e+06
1.16829e+06
1.16829e+06
1.16829e+06
1.16829e+06
1.16825e+06
1.16825e+06
1.16825e+06
1.16825e+06
1.16819e+06
1.16819e+06
1.168e+06
1.16796e+06
1.16798e+06
1.16798e+06
1.16807e+06
1.16807e+06
1.16811e+06
1.16811e+06
1.16811e+06
1.16811e+06
1.1683e+06
1.1683e+06
1.1683e+06
1.1683e+06
1.1683e+06
1.1683e+06
1.1683e+06
1.1683e+06
1.16854e+06
1.1686e+06
1.16586e+06
1.16637e+06
1.16637e+06
1.16637e+06
1.16637e+06
1.16637e+06
1.16637e+06
1.16637e+06
1.16635e+06
1.16635e+06
1.16635e+06
1.16617e+06
1.16617e+06
1.16612e+06
1.16612e+06
1.16637e+06
1.16499e+06
1.16487e+06
1.16487e+06
1.16487e+06
1.16487e+06
1.16487e+06
1.16487e+06
1.16487e+06
1.16487e+06
1.16487e+06
1.16492e+06
1.16528e+06
1.16528e+06
1.16528e+06
1.16352e+06
1.16352e+06
1.16352e+06
1.16381e+06
1.16343e+06
1.16343e+06
1.16349e+06
1.16349e+06
1.16349e+06
1.16349e+06
1.16349e+06
1.16349e+06
1.16349e+06
1.16355e+06
1.16355e+06
1.16355e+06
1.16355e+06
1.16354e+06
1.16348e+06
1.16343e+06
1.16343e+06
1.16343e+06
1.16361e+06
1.16361e+06
1.16361e+06
1.16178e+06
1.16178e+06
1.1619e+06
1.1619e+06
1.15948e+06
1.15951e+06
1.15951e+06
1.15951e+06
1.15951e+06
1.15945e+06
1.15945e+06
1.15945e+06
1.15945e+06
1.15945e+06
1.15945e+06
1.15925e+06
1.15925e+06
1.15925e+06
1.15925e+06
1.15918e+06
1.15918e+06
1.1591e+06
1.1591e+06
1.1591e+06
1.1591e+06
1.15841e+06
1.1584e+06
1.1584e+06
1.15228e+06
1.15242e+06
1.15242e+06
1.15117e+06
1.15117e+06
1.15117e+06
1.15117e+06
1.15117e+06
1.15117e+06
1.1503e+06
1.1503e+06
1.15025e+06
1.15025e+06
1.15025e+06
1.15025e+06
1.15027e+06
1.15027e+06
1.15027e+06
1.15027e+06
1.15027e+06
1.15034e+06
1.1502e+06
1.15002e+06
1.15002e+06
1.15002e+06
1.15002e+06
1.15002e+06
1.15008e+06
1.15013e+06
1.1501e+06
1.1501e+06
1.1501e+06
1.1501e+06
1.15003e+06
1.15011e+06
1.15011e+06
1.15011e+06
1.15011e+06
1.15011e+06
1.15011e+06
1.15011e+06
1.15011e+06
1.15011e+06
1.15011e+06
1.1501e+06
1.1501e+06
1.1501e+06
1.1501e+06
1.1501e+06
1.1501e+06
1.1501e+06
1.1501e+06
1.1501e+06
1.15006e+06
1.15006e+06
1.15006e+06
1.15006e+06
1.14959e+06
1.14959e+06
1.14959e+06
1.14962e+06
1.14933e+06
1.14933e+06
1.14933e+06
1.14933e+06
1.14933e+06
1.14933e+06
1.14933e+06
1.14933e+06
1.14914e+06
1.14914e+06
1.14911e+06
1.14911e+06
1.14911e+06
1.14911e+06
1.14911e+06
1.14911e+06
1.14911e+06
1.14916e+06
1.14916e+06
1.14916e+06
1.14916e+06
1.14916e+06
1.14908e+06
1.14908e+06
1.14908e+06
1.14908e+06
1.14908e+06
1.14908e+06
1.14913e+06
1.14913e+06
1.14908e+06
1.14908e+06
1.14713e+06
1.14713e+06
1.14713e+06
1.14713e+06
1.14713e+06
1.14713e+06
1.14715e+06
1.14715e+06
1.14715e+06
1.14715e+06
1.14715e+06
1.14715e+06
1.14715e+06
1.14715e+06
1.14715e+06
1.14715e+06
1.14715e+06
1.14715e+06
1.14715e+06
1.14715e+06
1.14715e+06
1.14715e+06
1.14715e+06
1.14715e+06
1.14715e+06
1.14715e+06
1.14715e+06
1.14715e+06
1.14718e+06
1.14729e+06
1.14711e+06
1.14711e+06
1.14711e+06
1.14711e+06
1.14711e+06
1.14711e+06
1.14711e+06
1.14711e+06
1.14714e+06
1.14714e+06
1.14714e+06
1.14714e+06
1.14714e+06
1.14587e+06
1.14587e+06
1.14593e+06
1.14593e+06
1.14593e+06
1.14583e+06
1.14584e+06
1.14584e+06
1.14584e+06
1.14526e+06
1.14526e+06
1.14518e+06
1.14518e+06
1.14518e+06
1.14524e+06
1.14524e+06
1.14521e+06
1.14521e+06
1.14521e+06
1.14521e+06
1.14521e+06
1.14543e+06
1.14543e+06
1.14543e+06
1.14511e+06
1.1457e+06
1.1457e+06
1.1457e+06
1.14558e+06
1.14558e+06
1.14558e+06
1.14558e+06
1.14558e+06
1.14558e+06
1.14558e+06
1.14558e+06
1.14558e+06
1.14558e+06
1.14553e+06
1.14553e+06
1.14553e+06
1.14553e+06
1.14553e+06
1.14549e+06
1.14549e+06
1.14549e+06
1.14549e+06
1.14549e+06
1.1456e+06
1.1456e+06
1.1456e+06
1.1456e+06
1.14568e+06
1.14586e+06
1.14581e+06
1.14428e+06
1.14428e+06
1.14428e+06
1.14428e+06
1.14422e+06
1.14422e+06
1.14422e+06
1.14422e+06
1.14422e+06
1.14422e+06
1.14422e+06
1.14422e+06
1.14432e+06
1.14436e+06
1.14436e+06
1.14436e+06
1.14436e+06
1.14436e+06
1.14436e+06
1.14436e+06
1.14436e+06
1.14436e+06
1.14436e+06
1.14436e+06
1.14436e+06
1.14436e+06
1.14436e+06
1.14436e+06
1.14436e+06
1.14436e+06
1.14436e+06
1.14436e+06
1.14436e+06
1.14436e+06
1.14436e+06
1.14419e+06
1.14417e+06
1.14424e+06
1.14424e+06
1.14424e+06
1.14417e+06
1.14417e+06
1.14417e+06
1.14413e+06
1.14413e+06
1.14413e+06
1.14413e+06
1.14413e+06
1.14413e+06
1.14413e+06
1.14417e+06
1.14421e+06
1.14409e+06
1.14409e+06
1.14409e+06
1.14409e+06
1.14409e+06
1.14407e+06
1.14407e+06
1.14407e+06
1.14407e+06
1.14407e+06
1.14407e+06
1.14407e+06
1.14397e+06
1.14397e+06
1.14397e+06
1.14397e+06
1.14397e+06
1.14397e+06
1.14397e+06
1.14397e+06
1.14397e+06
1.14453e+06
1.14453e+06
1.14451e+06
1.14451e+06
1.1445e+06
1.14457e+06
1.14457e+06
1.14459e+06
1.1446e+06
1.14429e+06
1.14424e+06
1.14424e+06
1.14424e+06
1.14424e+06
1.14424e+06
1.14424e+06
1.14424e+06
1.14424e+06
1.14424e+06
1.14424e+06
1.14424e+06
1.14424e+06
1.14424e+06
1.14424e+06
1.14412e+06
1.14412e+06
1.14412e+06
1.14412e+06
1.14412e+06
1.14412e+06
1.14412e+06
1.14409e+06
1.14414e+06
1.14414e+06
1.14414e+06
1.14414e+06
1.14409e+06
1.14414e+06
1.14414e+06
1.14414e+06
1.14414e+06
1.14414e+06
1.14414e+06
1.14414e+06
1.14414e+06
1.14414e+06
1.14414e+06
1.14414e+06
1.14414e+06
1.14414e+06
1.14414e+06
1.14414e+06
1.14414e+06
1.14414e+06
1.14414e+06
1.14414e+06
1.14414e+06
1.14414e+06
1.14414e+06
1.14414e+06
1.14414e+06
1.14414e+06
1.14414e+06
1.14414e+06
1.14414e+06
1.14413e+06
1.14413e+06
1.14409e+06
1.14422e+06
1.14414e+06
1.14414e+06
1.14414e+06
1.14414e+06
1.14414e+06
1.14414e+06
1.14414e+06
1.14402e+06
1.14402e+06
1.14399e+06
1.14399e+06
1.14399e+06
1.14414e+06
1.14358e+06
1.14358e+06
1.14343e+06
1.14343e+06
1.14343e+06
1.14343e+06
1.14343e+06
1.14343e+06
1.14343e+06
1.14343e+06
1.14336e+06
1.14336e+06
1.14345e+06
1.14345e+06
1.14345e+06
1.14345e+06
1.14345e+06
1.14345e+06
1.14345e+06
1.14353e+06
1.14353e+06
1.14353e+06
1.14353e+06
1.14359e+06
1.14359e+06
1.14359e+06
1.14359e+06
1.14359e+06
1.14359e+06
1.14359e+06
1.14359e+06
1.14359e+06
1.14359e+06
1.14359e+06
1.14359e+06
1.14359e+06
1.14367e+06
1.14367e+06
1.14311e+06
1.14311e+06
1.14311e+06
1.14311e+06
1.14311e+06
1.14311e+06
1.14314e+06
1.14314e+06
1.14314e+06
1.14314e+06
1.14314e+06
1.14314e+06
1.14314e+06
1.14314e+06
1.14314e+06
1.14314e+06
1.14314e+06
1.14314e+06
1.14314e+06
1.14314e+06
1.14314e+06
1.14314e+06
1.14314e+06
1.14314e+06
1.14314e+06
1.14306e+06
1.14308e+06
1.14308e+06
1.14308e+06
1.14308e+06
1.14308e+06
1.14308e+06
1.14308e+06
1.14308e+06
1.14309e+06
1.14312e+06
1.14312e+06
1.14312e+06
1.14312e+06
1.14312e+06
1.14312e+06
1.14312e+06
1.14312e+06
1.14312e+06
1.14312e+06
1.14308e+06
1.14308e+06
1.14308e+06
1.14308e+06
1.14303e+06
1.14303e+06
1.14303e+06
1.14306e+06
1.14306e+06
1.14306e+06
1.14306e+06
1.14306e+06
1.14306e+06
1.14274e+06
1.14274e+06
1.14274e+06
1.14274e+06
1.14274e+06
1.14274e+06
1.14274e+06
1.14281e+06
1.14281e+06
1.14293e+06
1.14293e+06
1.14293e+06
1.14293e+06
1.14286e+06
1.14286e+06
1.14286e+06
1.14281e+06
1.14281e+06
1.14281e+06
1.14281e+06
1.14281e+06
1.14281e+06
1.14281e+06
1.14281e+06
1.14281e+06
1.14281e+06
1.14281e+06
1.14281e+06
1.14264e+06
1.14264e+06
1.14264e+06
1.14264e+06
1.14266e+06
1.14271e+06
1.14269e+06
1.14269e+06
1.14269e+06
1.14269e+06
1.14269e+06
1.14269e+06
1.14269e+06
1.14193e+06
1.14193e+06
1.14193e+06
1.14124e+06
1.14124e+06
1.14124e+06
1.14124e+06
1.14124e+06
1.14118e+06
1.14146e+06
1.14146e+06
1.1416e+06
1.1416e+06
1.1416e+06
1.1416e+06
1.1416e+06
1.1416e+06
1.1416e+06
1.1416e+06
1.1416e+06
1.1416e+06
1.1416e+06
1.14094e+06
1.14094e+06
1.14094e+06
1.14094e+06
1.14094e+06
1.14094e+06
1.14094e+06
1.13644e+06
1.13644e+06
1.13644e+06
1.13644e+06
1.13644e+06
1.13644e+06
1.13646e+06
1.13646e+06
1.13646e+06
1.13646e+06
1.13646e+06
1.13638e+06
1.13637e+06
1.13637e+06
1.13637e+06
1.13638e+06
1.13638e+06
1.13638e+06
1.13638e+06
1.13638e+06
1.13638e+06
1.13638e+06
1.13638e+06
1.13644e+06
1.13644e+06
1.13641e+06
1.13641e+06
1.13641e+06
1.13641e+06
1.13641e+06
1.13604e+06
1.13604e+06
1.13604e+06
1.13604e+06
1.13604e+06
1.13363e+06
1.13363e+06
1.13363e+06
1.13363e+06
1.13363e+06
1.13363e+06
1.13355e+06
1.13355e+06
1.13355e+06
1.13355e+06
1.13355e+06
1.13355e+06
1.13354e+06
1.13354e+06
1.13354e+06
1.13354e+06
1.13354e+06
1.13338e+06
1.13336e+06
1.13336e+06
1.13336e+06
1.13336e+06
1.13329e+06
1.13348e+06
1.13348e+06
1.13348e+06
1.13348e+06
1.13348e+06
1.13348e+06
1.13348e+06
1.13348e+06
1.13348e+06
1.13348e+06
1.13349e+06
1.13349e+06
1.13349e+06
1.13332e+06
1.13332e+06
1.13338e+06
1.13338e+06
1.13338e+06
1.13338e+06
1.13338e+06
1.13338e+06
1.13338e+06
1.13338e+06
1.13338e+06
1.13338e+06
1.13332e+06
1.13332e+06
1.13332e+06
1.13332e+06
1.13332e+06
1.13332e+06
1.13332e+06
1.13332e+06
1.13332e+06
1.13331e+06
1.13331e+06
1.13315e+06
1.13315e+06
1.13315e+06
1.13297e+06
1.13297e+06
1.13297e+06
1.13297e+06
1.13297e+06
1.13297e+06
1.13297e+06
1.13297e+06
1.13296e+06
1.13294e+06
1.13292e+06
1.13292e+06
1.13292e+06
1.13288e+06
1.13288e+06
1.13288e+06
1.13294e+06
1.13294e+06
1.13294e+06
1.13293e+06
1.13293e+06
1.13293e+06
1.13293e+06
1.13293e+06
1.13293e+06
1.13293e+06
1.13293e+06
1.13293e+06
1.13293e+06
1.13293e+06
1.13293e+06
1.13293e+06
1.13293e+06
1.13293e+06
1.13293e+06
1.13293e+06
1.13293e+06
1.13293e+06
1.13293e+06
1.13293e+06
1.13293e+06
1.13293e+06
1.13293e+06
1.13293e+06
1.13293e+06
1.13293e+06
1.13293e+06
1.13293e+06
1.13293e+06
1.13293e+06
1.13293e+06
1.13293e+06
1.13293e+06
1.13293e+06
1.13293e+06
1.13293e+06
1.13293e+06
1.13293e+06
1.13293e+06
1.13293e+06
1.13293e+06
1.13293e+06
1.13293e+06
1.13293e+06
1.13293e+06
1.13293e+06
1.13293e+06
1.133e+06
1.133e+06
1.13305e+06
1.13313e+06
1.13313e+06
1.13319e+06
1.1332e+06
1.1332e+06
1.13318e+06
1.13318e+06
1.13318e+06
1.13318e+06
1.13318e+06
1.1331e+06
1.13309e+06
1.13309e+06
1.13309e+06
1.13309e+06
1.13309e+06
1.13309e+06
1.13318e+06
1.13314e+06
1.13314e+06
1.13314e+06
1.13314e+06
1.13314e+06
1.13327e+06
1.13327e+06
1.13327e+06
1.133e+06
1.133e+06
1.133e+06
1.133e+06
1.133e+06
1.133e+06
1.133e+06
1.133e+06
1.133e+06
1.133e+06
1.13303e+06
1.13303e+06
1.13306e+06
1.13306e+06
1.13306e+06
1.13306e+06
1.13306e+06
1.13306e+06
1.13306e+06
1.13306e+06
1.13309e+06
1.13309e+06
1.13309e+06
1.13309e+06
1.13309e+06
1.13309e+06
1.13309e+06
1.13309e+06
1.13309e+06
1.13309e+06
1.13314e+06
1.13314e+06
1.1332e+06
1.1332e+06
1.1332e+06
1.13318e+06
1.13318e+06
1.13318e+06
1.13318e+06
1.13318e+06
1.13318e+06
1.13318e+06
1.13318e+06
1.13318e+06
1.13318e+06
1.13318e+06
1.13318e+06
1.13311e+06
1.13268e+06
1.13268e+06
1.13268e+06
1.13268e+06
1.13268e+06
1.13268e+06
1.13268e+06
1.13268e+06
1.13268e+06
1.13268e+06
1.13261e+06
1.13254e+06
1.13254e+06
1.13254e+06
1.13254e+06
1.13254e+06
1.13173e+06
1.13173e+06
1.13173e+06
1.13167e+06
1.13167e+06
1.13164e+06
1.13163e+06
1.13163e+06
1.13163e+06
1.13163e+06
1.13163e+06
1.13163e+06
1.13163e+06
1.13163e+06
1.13163e+06
1.13163e+06
1.13163e+06
1.13158e+06
1.13156e+06
1.13156e+06
1.13156e+06
1.13156e+06
1.13156e+06
1.13156e+06
1.13156e+06
1.13157e+06
1.13157e+06
1.13157e+06
1.13157e+06
1.13157e+06
1.13157e+06
1.13157e+06
1.13157e+06
1.13157e+06
1.13157e+06
1.13157e+06
1.13157e+06
1.13157e+06
1.13157e+06
1.13157e+06
1.13157e+06
1.13157e+06
1.13153e+06
1.13153e+06
1.13153e+06
1.13153e+06
1.13153e+06
1.13153e+06
1.13153e+06
1.13153e+06
1.13153e+06
1.1294e+06
1.1294e+06
1.1294e+06
1.1294e+06
1.1294e+06
1.12943e+06
1.12943e+06
1.12943e+06
1.12943e+06
1.12943e+06
1.12944e+06
1.12944e+06
1.12944e+06
1.12944e+06
1.12944e+06
1.12944e+06
1.12944e+06
1.12944e+06
1.12944e+06
1.12944e+06
1.12944e+06
1.12944e+06
1.12947e+06
1.12947e+06
1.12947e+06
1.12947e+06
1.12947e+06
1.12947e+06
1.12949e+06
1.12949e+06
1.12949e+06
1.12949e+06
1.12949e+06
1.12949e+06
1.12949e+06
1.12949e+06
1.12949e+06
1.12949e+06
1.12949e+06
1.12949e+06
1.12949e+06
1.12949e+06
1.12949e+06
1.12949e+06
1.12949e+06
1.12949e+06
1.12949e+06
1.12949e+06
1.12591e+06
1.12591e+06
1.12591e+06
1.12591e+06
1.12591e+06
1.12591e+06
1.12591e+06
1.12591e+06
1.12591e+06
1.12591e+06
1.12591e+06
1.12591e+06
1.12592e+06
1.12592e+06
1.12592e+06
1.12592e+06
1.12592e+06
1.12596e+06
1.12596e+06
1.12596e+06
1.12596e+06
1.12596e+06
1.12596e+06
1.12596e+06
1.12596e+06
1.12596e+06
1.12539e+06
1.12539e+06
1.12539e+06
1.12539e+06
1.12539e+06
1.12539e+06
1.12539e+06
1.12539e+06
1.12539e+06
1.12424e+06
1.12421e+06
1.12422e+06
1.12422e+06
1.12422e+06
1.12416e+06
1.124e+06
1.12141e+06
1.12141e+06
1.12141e+06
1.12141e+06
1.12141e+06
1.12141e+06
1.12141e+06
1.12141e+06
1.12141e+06
1.12141e+06
1.12141e+06
1.12141e+06
1.12141e+06
1.12141e+06
1.12141e+06
1.12141e+06
1.12138e+06
1.12138e+06
1.12138e+06
1.12141e+06
1.12141e+06
1.12141e+06
1.12129e+06
1.12129e+06
1.12129e+06
1.12129e+06
1.12127e+06
1.12123e+06
1.12123e+06
1.12123e+06
1.12123e+06
1.12123e+06
1.12123e+06
1.12123e+06
1.12123e+06
1.12123e+06
1.12123e+06
1.12123e+06
1.12123e+06
1.12123e+06
1.12123e+06
1.12129e+06
1.12129e+06
1.12119e+06
1.12117e+06
1.12117e+06
1.12117e+06
1.12117e+06
1.12117e+06
1.12117e+06
1.12117e+06
1.12117e+06
1.12113e+06
1.12113e+06
1.12113e+06
1.12113e+06
1.12113e+06
1.12113e+06
1.12113e+06
1.12113e+06
1.12108e+06
1.12108e+06
1.12108e+06
1.12108e+06
1.12108e+06
1.12108e+06
1.12108e+06
1.12108e+06
1.12113e+06
1.12113e+06
1.12113e+06
1.12113e+06
1.12113e+06
1.12113e+06
1.12113e+06
1.12113e+06
1.12113e+06
1.12113e+06
1.12113e+06
1.12113e+06
1.11912e+06
1.11912e+06
1.11912e+06
1.11912e+06
1.11904e+06
1.11904e+06
1.11904e+06
1.11904e+06
1.11905e+06
1.11905e+06
1.11905e+06
1.11903e+06
1.11905e+06
1.11905e+06
1.11905e+06
1.11905e+06
1.11905e+06
1.11905e+06
1.11903e+06
1.11903e+06
1.11903e+06
1.11903e+06
1.11903e+06
1.11447e+06
1.11447e+06
1.11455e+06
1.11455e+06
1.11455e+06
1.11455e+06
1.11455e+06
1.11455e+06
1.11455e+06
1.11455e+06
1.11455e+06
1.11455e+06
1.11456e+06
1.11456e+06
1.11457e+06
1.11457e+06
1.11457e+06
1.11457e+06
1.11457e+06
1.11457e+06
1.11459e+06
1.11452e+06
1.11453e+06
1.11453e+06
1.11453e+06
1.11453e+06
1.11453e+06
1.11453e+06
1.11453e+06
1.11453e+06
1.11453e+06
1.11453e+06
1.11453e+06
1.11453e+06
1.11453e+06
1.11453e+06
1.1146e+06
1.1146e+06
1.11463e+06
1.11463e+06
1.11463e+06
1.11463e+06
1.11463e+06
1.11454e+06
1.11454e+06
1.11454e+06
1.11456e+06
1.11456e+06
1.11317e+06
1.11317e+06
1.11317e+06
1.11317e+06
1.11317e+06
1.11317e+06
1.11317e+06
1.11317e+06
1.11317e+06
1.11317e+06
1.11317e+06
1.11317e+06
1.11317e+06
1.11317e+06
1.11317e+06
1.11317e+06
1.11317e+06
1.11317e+06
1.11317e+06
1.11317e+06
1.11317e+06
1.1131e+06
1.11315e+06
1.11315e+06
1.11315e+06
1.11315e+06
1.11315e+06
1.11313e+06
1.11313e+06
1.11313e+06
1.11311e+06
1.11312e+06
1.11312e+06
1.11312e+06
1.11312e+06
1.11312e+06
1.11312e+06
1.11312e+06
1.11312e+06
1.11312e+06
1.11312e+06
1.11312e+06
1.11312e+06
1.11312e+06
1.11312e+06
1.11312e+06
1.11312e+06
1.11307e+06
1.11307e+06
1.11307e+06
1.11307e+06
1.11307e+06
1.11307e+06
1.11271e+06
1.11271e+06
1.11271e+06
1.11271e+06
1.11271e+06
1.1122e+06
1.1122e+06
1.1122e+06
1.1122e+06
1.1122e+06
1.11226e+06
1.11226e+06
1.11226e+06
1.11226e+06
1.11226e+06
1.1114e+06
1.1114e+06
1.1114e+06
1.1114e+06
1.1114e+06
1.1114e+06
1.1114e+06
1.1114e+06
1.1114e+06
1.11001e+06
1.11001e+06
1.11001e+06
1.11006e+06
1.10923e+06
1.10923e+06
1.10923e+06
1.10923e+06
1.10923e+06
1.10923e+06
1.10923e+06
1.10923e+06
1.10923e+06
1.10923e+06
1.10923e+06
1.10923e+06
1.10923e+06
1.10923e+06
1.10923e+06
1.10923e+06
1.10923e+06
1.10923e+06
1.10923e+06
1.10923e+06
1.10923e+06
1.10923e+06
1.10924e+06
1.10924e+06
1.10924e+06
1.10923e+06
1.10923e+06
1.10923e+06
1.10923e+06
1.10923e+06
1.10923e+06
1.10923e+06
1.10923e+06
1.10923e+06
1.10923e+06
1.10923e+06
1.10923e+06
1.10923e+06
1.10923e+06
1.10923e+06
1.10923e+06
1.10923e+06
1.10923e+06
1.10923e+06
1.10923e+06
1.10923e+06
1.10923e+06
1.10923e+06
1.10923e+06
1.10923e+06
1.10923e+06
1.10923e+06
1.10923e+06
1.10919e+06
1.10919e+06
1.10919e+06
1.10919e+06
1.10928e+06
1.10304e+06
1.10304e+06
1.10304e+06
1.10304e+06
1.10304e+06
1.10304e+06
1.10304e+06
1.10304e+06
1.1029e+06
1.1029e+06
1.1029e+06
1.1029e+06
1.1029e+06
1.1029e+06
1.1029e+06
1.1029e+06
1.10288e+06
1.10288e+06
1.10276e+06
1.10276e+06
1.10277e+06
1.10277e+06
1.10277e+06
1.10277e+06
1.10277e+06
1.10277e+06
1.10277e+06
1.10277e+06
1.10277e+06
1.10277e+06
1.10277e+06
1.10277e+06
1.10277e+06
1.10277e+06
1.10277e+06
1.10254e+06
1.10254e+06
1.10227e+06
1.10227e+06
1.10227e+06
1.10227e+06
1.09913e+06
1.09916e+06
1.09916e+06
1.09916e+06
1.09916e+06
1.09916e+06
1.09916e+06
1.09916e+06
1.09916e+06
1.09916e+06
1.09916e+06
1.09916e+06
1.09889e+06
1.09889e+06
1.09889e+06
1.09889e+06
1.09889e+06
1.09885e+06
1.09885e+06
1.09885e+06
1.09885e+06
1.09885e+06
1.09891e+06
